21 38 1 6.7 0.07 -6.2 -5.1 1 -6.2 2 3 5 -5.1 -6.2
21 40 2 6 0.98 -1.3 5.9 1 6 1 1 2 5.9 6
21 12 3 -5.4 0.94 -16.8 -6.4 0 -6.4 5 5 10 -6.4 -7.68
21 32 4 6.7 0.93 -5 5.6 1 6.7 2 5 7 5.6 6.7
21 15 5 -8.9 0.08 -26.3 -25.4 0 -25.4 2 2 4 -25.4 -26.3
21 60 6 8 0.92 0.8 7.7 1 8 1 2 3 7.7 8
21 59 7 10.1 0.3 4.2 6 0 6 1 1 2 6 4.2
21 13 8 -2 0.05 -10.4 -9.4 0 -9.4 2 1 3 -9.4 -10.4
21 53 9 25.7 0.1 8.1 11.5 1 8.1 1 3 4 11.5 13.97
21 57 10 11.5 0.6 3.7 7.9 1 11.5 2 5 7 7.9 9.94
21 35 11 3 0.93 -7.2 2.2 1 3 3 6 9 2.2 3
21 55 12 11.4 0.97 1.9 11 0 11 2 2 4 11 6.65
21 39 13 7.4 0.3 -8.2 -6.9 1 -8.2 1 2 3 -6.9 -0.4
21 14 14 -8.8 0.6 -19.5 -15.5 1 -8.8 9 8 17 -15.5 -11.48
21 17 15 -9.7 0.1 -24.7 -23.8 1 -24.7 14 11 25 -23.8 -23.34
21 31 16 6.7 0.95 -1.8 6.4 1 6.7 7 3 10 6.4 6.7
21 51 17 13.1 0.94 3.8 12.8 1 13.1 6 2 8 12.8 13.1
21 54 18 16.5 0.01 6.9 7 0 7 3 9 12 7 6.9
21 36 19 5 0.08 -9.1 -7.9 1 -9.1 37 35 72 -7.9 -8.29
21 11 20 -1.2 0.02 -12.3 -12.1 1 -12.3 25 34 59 -12.1 -11.97
21 37 21 2.1 0.8 -8.4 1.3 1 2.1 30 10 40 1.3 2.1
21 52 22 3.5 0.09 0.1 0.5 1 0.1 4 4 8 0.5 0.95
21 20 23 -4.3 0.6 -16.1 -4.5 1 -4.3 14 16 30 -4.5 -7.99
21 58 24 20.8 0.99 8.9 20.7 1 20.8 1 1 2 20.7 20.8
21 34 25 1.3 0.05 -4.3 -4.1 0 -4.1 13 7 20 -4.1 -4.3
21 33 26 7.3 0.96 -8.5 6.8 1 7.3 1 1 2 6.8 7.3
21 56 27 26.5 0.94 8.3 25.2 1 26.5 1 1 2 25.2 26.5
21 19 28 -6.5 0.9 -17.5 -8.4 1 -6.5 11 6 17 -8.4 -6.5
21 16 29 -7.1 0.07 -19.6 -18.7 1 -19.6 11 10 21 -18.7 -18.35
21 18 30 -4 0.2 -9.3 -8.1 1 -9.3 6 2 8 -8.1 -6.65
22 40 1 6 0.98 -1.3 5.9 1 6 9 14 23 5.9 6
22 58 2 20.8 0.99 8.9 20.7 1 20.8 1 36 37 20.7 20.8
22 13 3 -2 0.05 -10.4 -9.4 0 -9.4 4 4 8 -9.4 -10.4
22 60 4 8 0.92 0.8 7.7 0 7.7 6 4 10 7.7 6.2
22 39 5 7.4 0.3 -8.2 -6.9 0 -6.9 5 5 10 -6.9 -1.96
22 51 6 13.1 0.94 3.8 12.8 1 13.1 3 4 7 12.8 13.1
22 33 7 7.3 0.96 -8.5 6.8 0 6.8 3 3 6 6.8 7.3
22 34 8 1.3 0.05 -4.3 -4.1 0 -4.1 4 4 8 -4.1 -4.3
22 56 9 26.5 0.94 8.3 25.2 0 25.2 10 7 17 25.2 21.3
22 11 10 -1.2 0.02 -12.3 -12.1 0 -12.1 6 5 11 -12.1 -12.3
22 12 11 -5.4 0.94 -16.8 -6.4 1 -5.4 6 5 11 -6.4 -5.4
22 17 12 -9.7 0.1 -24.7 -23.8 0 -23.8 5 5 10 -23.8 -24.7
22 55 13 11.4 0.97 1.9 11 1 11.4 2 3 5 11 11.4
22 32 14 6.7 0.93 -5 5.6 0 5.6 13 7 20 5.6 5.03
22 31 15 6.7 0.95 -1.8 6.4 0 6.4 14 6 20 6.4 5.28
22 54 16 16.5 0.01 6.9 7 0 7 10 9 19 7 6.9
22 53 17 25.7 0.1 8.1 11.5 0 11.5 10 3 13 11.5 8.1
22 59 18 10.1 0.3 4.2 6 0 6 6 5 11 6 5.38
22 57 19 11.5 0.6 3.7 7.9 0 7.9 5 1 6 7.9 3.7
22 20 20 -4.3 0.6 -16.1 -4.5 1 -4.3 5 3 8 -4.5 -4.3
22 37 21 2.1 0.8 -8.4 1.3 1 2.1 4 7 11 1.3 2.1
22 52 22 3.5 0.09 0.1 0.5 0 0.5 5 2 7 0.5 0.1
22 38 23 6.7 0.07 -6.2 -5.1 0 -5.1 2 2 4 -5.1 -6.2
22 16 24 -7.1 0.07 -19.6 -18.7 0 -18.7 3 2 5 -18.7 -19.6
22 19 25 -6.5 0.9 -17.5 -8.4 1 -6.5 3 2 5 -8.4 -6.5
22 35 26 3 0.93 -7.2 2.2 0 2.2 4 8 12 2.2 1.72
22 36 27 5 0.08 -9.1 -7.9 0 -7.9 2 2 4 -7.9 -9.1
22 14 28 -8.8 0.6 -19.5 -15.5 1 -19.5 11 10 21 -15.5 -12.01
22 15 29 -8.9 0.08 -26.3 -25.4 0 -25.4 4 13 17 -25.4 -26.3
22 18 30 -4 0.2 -9.3 -8.1 0 -8.1 4 4 8 -8.1 -5.32
23 56 1 26.5 0.94 8.3 25.2 0 25.2 17 15 32 25.2 24.07
23 55 2 11.4 0.97 1.9 11 1 11.4 4 5 9 11 11.4
23 60 3 8 0.92 0.8 7.7 0 7.7 6 5 11 7.7 6.56
23 12 4 -5.4 0.94 -16.8 -6.4 1 -5.4 4 4 8 -6.4 -5.4
23 35 5 3 0.93 -7.2 2.2 1 3 2 4 6 2.2 3
23 36 6 5 0.08 -9.1 -7.9 0 -7.9 3 2 5 -7.9 -9.1
23 15 7 -8.9 0.08 -26.3 -25.4 0 -25.4 2 5 7 -25.4 -26.3
23 59 8 10.1 0.3 4.2 6 0 6 2 2 4 6 4.2
23 32 9 6.7 0.93 -5 5.6 1 6.7 4 3 7 5.6 6.7
23 38 10 6.7 0.07 -6.2 -5.1 0 -5.1 1 1 2 -5.1 -6.2
23 17 11 -9.7 0.1 -24.7 -23.8 0 -23.8 1 1 2 -23.8 -24.7
23 37 12 2.1 0.8 -8.4 1.3 1 2.1 1 2 3 1.3 2.1
23 39 13 7.4 0.3 -8.2 -6.9 0 -6.9 1 1 2 -6.9 -8.2
23 54 14 16.5 0.01 6.9 7 0 7 2 2 4 7 6.9
23 57 15 11.5 0.6 3.7 7.9 1 3.7 1 1 2 7.9 11.5
23 33 16 7.3 0.96 -8.5 6.8 1 7.3 1 1 2 6.8 7.3
23 51 17 13.1 0.94 3.8 12.8 1 13.1 1 1 2 12.8 13.1
23 18 18 -4 0.2 -9.3 -8.1 0 -8.1 1 1 2 -8.1 -9.3
23 52 19 3.5 0.09 0.1 0.5 1 0.1 1 1 2 0.5 3.5
23 20 20 -4.3 0.6 -16.1 -4.5 1 -4.3 1 2 3 -4.5 -4.3
23 34 21 1.3 0.05 -4.3 -4.1 0 -4.1 1 1 2 -4.1 -4.3
23 31 22 6.7 0.95 -1.8 6.4 1 6.7 1 1 2 6.4 6.7
23 14 23 -8.8 0.6 -19.5 -15.5 1 -19.5 1 1 2 -15.5 -8.8
23 58 24 20.8 0.99 8.9 20.7 1 20.8 1 2 3 20.7 20.8
23 16 25 -7.1 0.07 -19.6 -18.7 0 -18.7 1 1 2 -18.7 -19.6
23 11 26 -1.2 0.02 -12.3 -12.1 0 -12.1 2 2 4 -12.1 -12.3
23 19 27 -6.5 0.9 -17.5 -8.4 1 -6.5 1 1 2 -8.4 -6.5
23 40 28 6 0.98 -1.3 5.9 1 6 1 3 4 5.9 6
23 53 29 25.7 0.1 8.1 11.5 0 11.5 1 1 2 11.5 8.1
23 13 30 -2 0.05 -10.4 -9.4 0 -9.4 1 1 2 -9.4 -10.4
24 58 1 20.8 0.99 8.9 20.7 1 20.8 7 9 16 20.7 20.8
24 56 2 26.5 0.94 8.3 25.2 1 26.5 4 7 11 25.2 26.5
24 32 3 6.7 0.93 -5 5.6 1 6.7 3 8 11 5.6 6.7
24 31 4 6.7 0.95 -1.8 6.4 1 6.7 4 5 9 6.4 6.7
24 59 5 10.1 0.3 4.2 6 0 6 6 6 12 6 5.18
24 11 6 -1.2 0.02 -12.3 -12.1 0 -12.1 6 5 11 -12.1 -12.3
24 55 7 11.4 0.97 1.9 11 1 11.4 6 7 13 11 11.4
24 20 8 -4.3 0.6 -16.1 -4.5 0 -4.5 5 7 12 -4.5 -9.36
24 16 9 -7.1 0.07 -19.6 -18.7 0 -18.7 5 8 13 -18.7 -19.6
24 39 10 7.4 0.3 -8.2 -6.9 1 -8.2 4 8 12 -6.9 -4.3
24 37 11 2.1 0.8 -8.4 1.3 0 1.3 5 11 16 1.3 -0.76
24 38 12 6.7 0.07 -6.2 -5.1 0 -5.1 7 10 17 -5.1 -4.91
24 35 13 3 0.93 -7.2 2.2 1 3 8 5 13 2.2 3
24 60 14 8 0.92 0.8 7.7 1 8 5 6 11 7.7 8
24 53 15 25.7 0.1 8.1 11.5 0 11.5 6 6 12 11.5 8.1
24 17 16 -9.7 0.1 -24.7 -23.8 0 -23.8 9 5 14 -23.8 -24.7
24 13 17 -2 0.05 -10.4 -9.4 0 -9.4 8 4 12 -9.4 -10.4
24 18 18 -4 0.2 -9.3 -8.1 0 -8.1 5 7 12 -8.1 -8.54
24 12 19 -5.4 0.94 -16.8 -6.4 1 -5.4 5 11 16 -6.4 -6.44
24 52 20 3.5 0.09 0.1 0.5 0 0.5 5 15 20 0.5 0.55
24 19 21 -6.5 0.9 -17.5 -8.4 1 -6.5 9 14 23 -8.4 -7.29
24 51 22 13.1 0.94 3.8 12.8 1 13.1 8 9 17 12.8 13.1
24 36 23 5 0.08 -9.1 -7.9 0 -7.9 7 10 17 -7.9 -7.69
24 33 24 7.3 0.96 -8.5 6.8 1 7.3 6 11 17 6.8 5.86
24 54 25 16.5 0.01 6.9 7 0 7 8 6 14 7 6.9
24 40 26 6 0.98 -1.3 5.9 1 6 6 5 11 5.9 6
24 57 27 11.5 0.6 3.7 7.9 0 7.9 5 12 17 7.9 9.55
24 15 28 -8.9 0.08 -26.3 -25.4 1 -26.3 8 8 16 -25.4 -24.13
24 14 29 -8.8 0.6 -19.5 -15.5 1 -8.8 7 9 16 -15.5 -13.56
24 34 30 1.3 0.05 -4.3 -4.1 0 -4.1 8 10 18 -4.1 -4.3
25 39 1 7.4 0.3 -8.2 -6.9 0 -6.9 2 3 5 -6.9 -8.2
25 34 2 1.3 0.05 -4.3 -4.1 0 -4.1 1 1 2 -4.1 -4.3
25 19 3 -6.5 0.9 -17.5 -8.4 1 -17.5 1 2 3 -8.4 -6.5
25 36 4 5 0.08 -9.1 -7.9 0 -7.9 2 1 3 -7.9 -9.1
25 17 5 -9.7 0.1 -24.7 -23.8 1 -24.7 1 1 2 -23.8 -24.7
25 52 6 3.5 0.09 0.1 0.5 0 0.5 1 1 2 0.5 0.1
25 60 7 8 0.92 0.8 7.7 0 7.7 1 1 2 7.7 8
25 40 8 6 0.98 -1.3 5.9 0 5.9 1 1 2 5.9 6
25 59 9 10.1 0.3 4.2 6 0 6 2 1 3 6 10.1
25 32 10 6.7 0.93 -5 5.6 0 5.6 1 1 2 5.6 6.7
25 31 11 6.7 0.95 -1.8 6.4 0 6.4 1 1 2 6.4 6.7
25 16 12 -7.1 0.07 -19.6 -18.7 0 -18.7 1 1 2 -18.7 -19.6
25 12 13 -5.4 0.94 -16.8 -6.4 0 -6.4 1 1 2 -6.4 -5.4
25 20 14 -4.3 0.6 -16.1 -4.5 1 -4.3 2 1 3 -4.5 -16.1
25 35 15 3 0.93 -7.2 2.2 0 2.2 1 1 2 2.2 3
25 56 16 26.5 0.94 8.3 25.2 0 25.2 2 1 3 25.2 26.5
25 15 17 -8.9 0.08 -26.3 -25.4 0 -25.4 1 1 2 -25.4 -26.3
25 13 18 -2 0.05 -10.4 -9.4 0 -9.4 1 1 2 -9.4 -10.4
25 14 19 -8.8 0.6 -19.5 -15.5 1 -19.5 1 1 2 -15.5 -8.8
25 58 20 20.8 0.99 8.9 20.7 0 20.7 2 1 3 20.7 20.8
25 38 21 6.7 0.07 -6.2 -5.1 0 -5.1 1 2 3 -5.1 0.25
25 37 22 2.1 0.8 -8.4 1.3 0 1.3 2 1 3 1.3 2.1
25 57 23 11.5 0.6 3.7 7.9 0 7.9 1 1 2 7.9 11.5
25 55 24 11.4 0.97 1.9 11 0 11 1 1 2 11 11.4
25 11 25 -1.2 0.02 -12.3 -12.1 0 -12.1 1 1 2 -12.1 -12.3
25 54 26 16.5 0.01 6.9 7 1 6.9 1 1 2 7 6.9
25 18 27 -4 0.2 -9.3 -8.1 0 -8.1 1 1 2 -8.1 -9.3
25 51 28 13.1 0.94 3.8 12.8 0 12.8 1 1 2 12.8 13.1
25 33 29 7.3 0.96 -8.5 6.8 0 6.8 3 1 4 6.8 7.3
25 53 30 25.7 0.1 8.1 11.5 1 8.1 1 1 2 11.5 8.1
26 58 1 20.8 0.99 8.9 20.7 1 20.8 4 4 8 20.7 20.8
26 59 2 10.1 0.3 4.2 6 0 6 4 3 7 6 4.2
26 52 3 3.5 0.09 0.1 0.5 0 0.5 4 3 7 0.5 0.1
26 32 4 6.7 0.93 -5 5.6 1 6.7 4 4 8 5.6 6.7
26 40 5 6 0.98 -1.3 5.9 1 6 5 5 10 5.9 6
26 17 6 -9.7 0.1 -24.7 -23.8 0 -23.8 5 4 9 -23.8 -24.7
26 19 7 -6.5 0.9 -17.5 -8.4 1 -6.5 4 4 8 -8.4 -6.5
26 55 8 11.4 0.97 1.9 11 1 11.4 3 3 6 11 11.4
26 38 9 6.7 0.07 -6.2 -5.1 0 -5.1 2 2 4 -5.1 -6.2
26 51 10 13.1 0.94 3.8 12.8 1 3.8 4 4 8 12.8 13.1
26 16 11 -7.1 0.07 -19.6 -18.7 0 -18.7 7 7 14 -18.7 -17.81
26 56 12 26.5 0.94 8.3 25.2 1 26.5 5 5 10 25.2 26.5
26 11 13 -1.2 0.02 -12.3 -12.1 0 -12.1 5 5 10 -12.1 -12.3
26 60 14 8 0.92 0.8 7.7 1 8 3 3 6 7.7 8
26 14 15 -8.8 0.6 -19.5 -15.5 1 -8.8 6 6 12 -15.5 -12.37
26 37 16 2.1 0.8 -8.4 1.3 1 -8.4 5 5 10 1.3 2.1
26 54 17 16.5 0.01 6.9 7 0 7 5 4 9 7 6.9
26 12 18 -5.4 0.94 -16.8 -6.4 1 -5.4 7 7 14 -6.4 -7.03
26 34 19 1.3 0.05 -4.3 -4.1 0 -4.1 4 4 8 -4.1 -4.3
26 39 20 7.4 0.3 -8.2 -6.9 1 -8.2 9 9 18 -6.9 -4.73
26 15 21 -8.9 0.08 -26.3 -25.4 0 -25.4 6 6 12 -25.4 -26.3
26 31 22 6.7 0.95 -1.8 6.4 1 6.7 6 6 12 6.4 6.7
26 57 23 11.5 0.6 3.7 7.9 1 3.7 4 4 8 7.9 9.55
26 13 24 -2 0.05 -10.4 -9.4 0 -9.4 4 4 8 -9.4 -10.4
26 33 25 7.3 0.96 -8.5 6.8 1 -8.5 5 5 10 6.8 7.3
26 18 26 -4 0.2 -9.3 -8.1 0 -8.1 8 7 15 -8.1 -8.54
26 35 27 3 0.93 -7.2 2.2 1 3 4 3 7 2.2 3
26 53 28 25.7 0.1 8.1 11.5 0 11.5 5 4 9 11.5 8.1
26 20 29 -4.3 0.6 -16.1 -4.5 0 -4.5 3 3 6 -4.5 -16.1
26 36 30 5 0.08 -9.1 -7.9 0 -7.9 5 5 10 -7.9 -6.28
27 39 1 7.4 0.3 -8.2 -6.9 1 -8.2 10 18 28 -6.9 -1.27
27 17 2 -9.7 0.1 -24.7 -23.8 1 -24.7 14 18 32 -23.8 -22.2
27 52 3 3.5 0.09 0.1 0.5 1 3.5 3 9 12 0.5 0.86
27 19 4 -6.5 0.9 -17.5 -8.4 1 -6.5 5 11 16 -8.4 -7.5
27 38 5 6.7 0.07 -6.2 -5.1 1 -6.2 3 4 7 -5.1 -2.98
27 37 6 2.1 0.8 -8.4 1.3 0 1.3 2 5 7 1.3 -2.1
27 51 7 13.1 0.94 3.8 12.8 1 13.1 1 5 6 12.8 13.1
27 14 8 -8.8 0.6 -19.5 -15.5 1 -19.5 5 12 17 -15.5 -12.37
27 59 9 10.1 0.3 4.2 6 1 4.2 2 6 8 6 7.15
27 40 10 6 0.98 -1.3 5.9 1 6 1 8 9 5.9 6
27 31 11 6.7 0.95 -1.8 6.4 1 6.7 1 2 3 6.4 6.7
27 18 12 -4 0.2 -9.3 -8.1 1 -9.3 3 9 12 -8.1 -8.71
27 55 13 11.4 0.97 1.9 11 1 11.4 2 6 8 11 9.82
27 33 14 7.3 0.96 -8.5 6.8 1 -8.5 2 3 5 6.8 7.3
27 57 15 11.5 0.6 3.7 7.9 0 7.9 3 6 9 7.9 5
27 56 16 26.5 0.94 8.3 25.2 1 26.5 1 7 8 25.2 26.5
27 58 17 20.8 0.99 8.9 20.7 1 20.8 2 15 17 20.7 20.8
27 12 18 -5.4 0.94 -16.8 -6.4 0 -6.4 2 2 4 -6.4 -11.1
27 60 19 8 0.92 0.8 7.7 1 8 2 3 5 7.7 8
27 35 20 3 0.93 -7.2 2.2 1 3 1 11 12 2.2 3
27 54 21 16.5 0.01 6.9 7 0 7 3 13 16 7 6.9
27 34 22 1.3 0.05 -4.3 -4.1 0 -4.1 1 13 14 -4.1 -4.3
27 11 23 -1.2 0.02 -12.3 -12.1 0 -12.1 2 2 4 -12.1 -12.3
27 16 24 -7.1 0.07 -19.6 -18.7 0 -18.7 4 4 8 -18.7 -19.6
27 20 25 -4.3 0.6 -16.1 -4.5 0 -4.5 2 2 4 -4.5 -10.2
27 32 26 6.7 0.93 -5 5.6 1 6.7 2 5 7 5.6 6.7
27 15 27 -8.9 0.08 -26.3 -25.4 1 -26.3 3 10 13 -25.4 -24.56
27 36 28 5 0.08 -9.1 -7.9 0 -7.9 5 6 11 -7.9 -9.1
27 53 29 25.7 0.1 8.1 11.5 0 11.5 2 3 5 11.5 8.1
27 13 30 -2 0.05 -10.4 -9.4 0 -9.4 6 2 8 -9.4 -10.4
28 19 1 -6.5 0.9 -17.5 -8.4 1 -6.5 2 9 11 -8.4 -6.5
28 52 2 3.5 0.09 0.1 0.5 1 0.1 2 4 6 0.5 1.8
28 34 3 1.3 0.05 -4.3 -4.1 0 -4.1 2 2 4 -4.1 -4.3
28 11 4 -1.2 0.02 -12.3 -12.1 0 -12.1 4 4 8 -12.1 -12.3
28 53 5 25.7 0.1 8.1 11.5 0 11.5 3 6 9 11.5 11.03
28 13 6 -2 0.05 -10.4 -9.4 0 -9.4 2 4 6 -9.4 -10.4
28 57 7 11.5 0.6 3.7 7.9 0 7.9 2 5 7 7.9 6.82
28 55 8 11.4 0.97 1.9 11 1 11.4 3 4 7 11 11.4
28 37 9 2.1 0.8 -8.4 1.3 0 1.3 3 1 4 1.3 -8.4
28 59 10 10.1 0.3 4.2 6 0 6 4 9 13 6 6.17
28 15 11 -8.9 0.08 -26.3 -25.4 1 -26.3 2 4 6 -25.4 -21.95
28 56 12 26.5 0.94 8.3 25.2 1 26.5 1 4 5 25.2 26.5
28 36 13 5 0.08 -9.1 -7.9 0 -7.9 3 2 5 -7.9 -9.1
28 58 14 20.8 0.99 8.9 20.7 1 20.8 3 6 9 20.7 20.8
28 12 15 -5.4 0.94 -16.8 -6.4 0 -6.4 3 3 6 -6.4 -9.2
28 39 16 7.4 0.3 -8.2 -6.9 0 -6.9 5 3 8 -6.9 2.2
28 40 17 6 0.98 -1.3 5.9 1 6 3 6 9 5.9 6
28 14 18 -8.8 0.6 -19.5 -15.5 0 -15.5 3 4 7 -15.5 -11.48
28 32 19 6.7 0.93 -5 5.6 0 5.6 4 8 12 5.6 5.24
28 60 20 8 0.92 0.8 7.7 0 7.7 4 8 12 7.7 7.1
28 38 21 6.7 0.07 -6.2 -5.1 0 -5.1 3 3 6 -5.1 2.4
28 33 22 7.3 0.96 -8.5 6.8 0 6.8 2 6 8 6.8 7.3
28 16 23 -7.1 0.07 -19.6 -18.7 1 -19.6 2 5 7 -18.7 -17.1
28 20 24 -4.3 0.6 -16.1 -4.5 0 -4.5 3 3 6 -4.5 -8.23
28 54 25 16.5 0.01 6.9 7 1 6.9 4 3 7 7 6.9
28 17 26 -9.7 0.1 -24.7 -23.8 1 -24.7 5 6 11 -23.8 -24.7
28 18 27 -4 0.2 -9.3 -8.1 1 -9.3 5 4 9 -8.1 -6.65
28 31 28 6.7 0.95 -1.8 6.4 0 6.4 2 5 7 6.4 6.7
28 35 29 3 0.93 -7.2 2.2 0 2.2 2 6 8 2.2 3
28 51 30 13.1 0.94 3.8 12.8 0 12.8 1 4 5 12.8 13.1
29 59 1 10.1 0.3 4.2 6 1 4.2 5 11 16 6 6.35
29 35 2 3 0.93 -7.2 2.2 0 2.2 9 3 12 2.2 -0.4
29 20 3 -4.3 0.6 -16.1 -4.5 0 -4.5 11 6 17 -4.5 -8.23
29 34 4 1.3 0.05 -4.3 -4.1 0 -4.1 8 14 22 -4.1 -4.3
29 31 5 6.7 0.95 -1.8 6.4 1 6.7 5 12 17 6.4 6.7
29 53 6 25.7 0.1 8.1 11.5 1 8.1 9 5 14 11.5 15.14
29 11 7 -1.2 0.02 -12.3 -12.1 0 -12.1 8 11 19 -12.1 -12.3
29 56 8 26.5 0.94 8.3 25.2 0 25.2 5 10 15 25.2 24.68
29 58 9 20.8 0.99 8.9 20.7 1 20.8 9 15 24 20.7 20.8
29 19 10 -6.5 0.9 -17.5 -8.4 1 -6.5 7 6 13 -8.4 -6.5
29 54 11 16.5 0.01 6.9 7 0 7 8 9 17 7 6.9
29 36 12 5 0.08 -9.1 -7.9 0 -7.9 9 9 18 -7.9 -9.1
29 51 13 13.1 0.94 3.8 12.8 1 13.1 4 11 15 12.8 13.1
29 39 14 7.4 0.3 -8.2 -6.9 1 -8.2 11 11 22 -6.9 -3.95
29 55 15 11.4 0.97 1.9 11 1 11.4 5 11 16 11 11.4
29 15 16 -8.9 0.08 -26.3 -25.4 1 -26.3 7 7 14 -25.4 -21.33
29 52 17 3.5 0.09 0.1 0.5 1 0.1 3 4 7 0.5 0.95
29 57 18 11.5 0.6 3.7 7.9 0 7.9 7 3 10 7.9 8.9
29 13 19 -2 0.05 -10.4 -9.4 1 -10.4 5 8 13 -9.4 -8.3
29 60 20 8 0.92 0.8 7.7 0 7.7 6 4 10 7.7 6.2
29 32 21 6.7 0.93 -5 5.6 0 5.6 7 8 15 5.6 5.24
29 40 22 6 0.98 -1.3 5.9 0 5.9 11 3 14 5.9 3.57
29 18 23 -4 0.2 -9.3 -8.1 1 -9.3 4 7 11 -8.1 -6.27
29 16 24 -7.1 0.07 -19.6 -18.7 0 -18.7 15 10 25 -18.7 -19.6
29 17 25 -9.7 0.1 -24.7 -23.8 1 -24.7 8 21 29 -23.8 -23.99
29 14 26 -8.8 0.6 -19.5 -15.5 1 -8.8 4 7 11 -15.5 -10.33
29 12 27 -5.4 0.94 -16.8 -6.4 1 -5.4 7 14 21 -6.4 -6.21
29 37 28 2.1 0.8 -8.4 1.3 0 1.3 6 3 9 1.3 -1.4
29 33 29 7.3 0.96 -8.5 6.8 1 7.3 12 18 30 6.8 7.3
29 38 30 6.7 0.07 -6.2 -5.1 0 -5.1 6 20 26 -5.1 -5.56
30 32 1 6.7 0.93 -5 5.6 1 6.7 4 4 8 5.6 6.7
30 17 2 -9.7 0.1 -24.7 -23.8 1 -24.7 1 1 2 -23.8 -24.7
30 55 3 11.4 0.97 1.9 11 1 11.4 2 3 5 11 11.4
30 13 4 -2 0.05 -10.4 -9.4 0 -9.4 1 1 2 -9.4 -10.4
30 58 5 20.8 0.99 8.9 20.7 1 20.8 1 1 2 20.7 20.8
30 60 6 8 0.92 0.8 7.7 1 8 1 1 2 7.7 8
30 19 7 -6.5 0.9 -17.5 -8.4 0 -8.4 1 1 2 -8.4 -17.5
30 35 8 3 0.93 -7.2 2.2 0 2.2 1 1 2 2.2 -7.2
30 15 9 -8.9 0.08 -26.3 -25.4 0 -25.4 1 1 2 -25.4 -26.3
30 59 10 10.1 0.3 4.2 6 0 6 1 1 2 6 4.2
30 51 11 13.1 0.94 3.8 12.8 0 12.8 1 1 2 12.8 3.8
30 11 12 -1.2 0.02 -12.3 -12.1 0 -12.1 1 1 2 -12.1 -12.3
30 16 13 -7.1 0.07 -19.6 -18.7 1 -19.6 2 1 3 -18.7 -19.6
30 12 14 -5.4 0.94 -16.8 -6.4 1 -5.4 1 1 2 -6.4 -5.4
30 38 15 6.7 0.07 -6.2 -5.1 0 -5.1 1 1 2 -5.1 -6.2
30 40 16 6 0.98 -1.3 5.9 1 6 1 1 2 5.9 6
30 33 17 7.3 0.96 -8.5 6.8 1 7.3 1 1 2 6.8 7.3
30 18 18 -4 0.2 -9.3 -8.1 0 -8.1 1 1 2 -8.1 -9.3
30 54 19 16.5 0.01 6.9 7 0 7 2 1 3 7 6.9
30 53 20 25.7 0.1 8.1 11.5 1 8.1 1 1 2 11.5 25.7
30 37 21 2.1 0.8 -8.4 1.3 0 1.3 1 1 2 1.3 -8.4
30 57 22 11.5 0.6 3.7 7.9 1 11.5 1 1 2 7.9 11.5
30 31 23 6.7 0.95 -1.8 6.4 1 6.7 1 1 2 6.4 6.7
30 36 24 5 0.08 -9.1 -7.9 0 -7.9 1 1 2 -7.9 -9.1
30 56 25 26.5 0.94 8.3 25.2 1 26.5 1 1 2 25.2 26.5
30 52 26 3.5 0.09 0.1 0.5 0 0.5 1 1 2 0.5 0.1
30 34 27 1.3 0.05 -4.3 -4.1 0 -4.1 1 1 2 -4.1 -4.3
30 14 28 -8.8 0.6 -19.5 -15.5 1 -8.8 1 1 2 -15.5 -8.8
30 39 29 7.4 0.3 -8.2 -6.9 1 -8.2 1 1 2 -6.9 7.4
30 20 30 -4.3 0.6 -16.1 -4.5 0 -4.5 1 1 2 -4.5 -16.1
31 18 1 -4 0.2 -9.3 -8.1 0 -8.1 9 10 19 -8.1 -8.24
31 14 2 -8.8 0.6 -19.5 -15.5 1 -19.5 11 12 23 -15.5 -13.26
31 11 3 -1.2 0.02 -12.3 -12.1 0 -12.1 7 8 15 -12.1 -12.3
31 53 4 25.7 0.1 8.1 11.5 1 8.1 5 9 14 11.5 12.01
31 39 5 7.4 0.3 -8.2 -6.9 1 -8.2 7 9 16 -6.9 -1.27
31 15 6 -8.9 0.08 -26.3 -25.4 0 -25.4 7 9 16 -25.4 -26.3
31 58 7 20.8 0.99 8.9 20.7 1 20.8 9 14 23 20.7 20.8
31 36 8 5 0.08 -9.1 -7.9 1 -9.1 11 13 24 -7.9 -6.93
31 59 9 10.1 0.3 4.2 6 1 10.1 8 15 23 6 6.17
31 17 10 -9.7 0.1 -24.7 -23.8 0 -23.8 10 19 29 -23.8 -23.91
31 38 11 6.7 0.07 -6.2 -5.1 0 -5.1 10 9 19 -5.1 -6.2
31 51 12 13.1 0.94 3.8 12.8 0 12.8 8 13 21 12.8 12.38
31 60 13 8 0.92 0.8 7.7 0 7.7 18 17 35 7.7 7.58
31 19 14 -6.5 0.9 -17.5 -8.4 1 -6.5 12 22 34 -8.4 -7
31 31 15 6.7 0.95 -1.8 6.4 0 6.4 12 6 18 6.4 5.28
31 33 16 7.3 0.96 -8.5 6.8 0 6.8 11 7 18 6.8 5.04
31 35 17 3 0.93 -7.2 2.2 0 2.2 11 12 23 2.2 1.3
31 55 18 11.4 0.97 1.9 11 0 11 12 15 27 11 10.77
31 54 19 16.5 0.01 6.9 7 0 7 13 21 34 7 6.9
31 56 20 26.5 0.94 8.3 25.2 0 25.2 12 14 26 25.2 23.9
31 12 21 -5.4 0.94 -16.8 -6.4 0 -6.4 12 8 20 -6.4 -8.25
31 32 22 6.7 0.93 -5 5.6 1 6.7 12 14 26 5.6 5.86
31 20 23 -4.3 0.6 -16.1 -4.5 0 -4.5 12 7 19 -4.5 -9.36
31 16 24 -7.1 0.07 -19.6 -18.7 1 -19.6 11 19 30 -18.7 -18.94
31 40 25 6 0.98 -1.3 5.9 1 6 9 21 30 5.9 6
31 52 26 3.5 0.09 0.1 0.5 0 0.5 10 15 25 0.5 0.1
31 37 27 2.1 0.8 -8.4 1.3 0 1.3 11 15 26 1.3 0
31 57 28 11.5 0.6 3.7 7.9 0 7.9 11 12 23 7.9 10.2
31 13 29 -2 0.05 -10.4 -9.4 0 -9.4 12 13 25 -9.4 -9.11
31 34 30 1.3 0.05 -4.3 -4.1 1 -4.3 11 10 21 -4.1 -3.18
32 58 1 20.8 0.99 8.9 20.7 0 20.7 19 18 37 20.7 20.8
32 60 2 8 0.92 0.8 7.7 0 7.7 10 10 20 7.7 8
32 56 3 26.5 0.94 8.3 25.2 0 25.2 23 26 49 25.2 24.4
32 51 4 13.1 0.94 3.8 12.8 0 12.8 11 12 23 12.8 11.55
32 36 5 5 0.08 -9.1 -7.9 0 -7.9 12 11 23 -7.9 -9.1
32 17 6 -9.7 0.1 -24.7 -23.8 1 -24.7 14 15 29 -23.8 -20.7
32 57 7 11.5 0.6 3.7 7.9 1 3.7 7 7 14 7.9 9.27
32 32 8 6.7 0.93 -5 5.6 0 5.6 10 9 19 5.6 5.4
32 38 9 6.7 0.07 -6.2 -5.1 0 -5.1 14 15 29 -5.1 -5.34
32 12 10 -5.4 0.94 -16.8 -6.4 1 -5.4 13 13 26 -6.4 -5.4
32 19 11 -6.5 0.9 -17.5 -8.4 1 -6.5 10 10 20 -8.4 -6.5
32 59 12 10.1 0.3 4.2 6 0 6 8 9 17 6 6.82
32 20 13 -4.3 0.6 -16.1 -4.5 0 -4.5 7 7 14 -4.5 -5.99
32 37 14 2.1 0.8 -8.4 1.3 1 2.1 8 9 17 1.3 2.1
32 14 15 -8.8 0.6 -19.5 -15.5 0 -15.5 8 7 15 -15.5 -13.39
32 15 16 -8.9 0.08 -26.3 -25.4 0 -25.4 12 12 24 -25.4 -26.3
32 53 17 25.7 0.1 8.1 11.5 0 11.5 6 6 12 11.5 11.03
32 34 18 1.3 0.05 -4.3 -4.1 0 -4.1 4 4 8 -4.1 -4.3
32 54 19 16.5 0.01 6.9 7 1 6.9 11 11 22 7 7.77
32 33 20 7.3 0.96 -8.5 6.8 1 7.3 8 8 16 6.8 7.3
32 35 21 3 0.93 -7.2 2.2 1 3 6 6 12 2.2 3
32 52 22 3.5 0.09 0.1 0.5 0 0.5 6 5 11 0.5 0.1
32 39 23 7.4 0.3 -8.2 -6.9 0 -6.9 7 7 14 -6.9 -3.74
32 11 24 -1.2 0.02 -12.3 -12.1 0 -12.1 6 6 12 -12.1 -12.3
32 13 25 -2 0.05 -10.4 -9.4 0 -9.4 8 7 15 -9.4 -9.2
32 18 26 -4 0.2 -9.3 -8.1 0 -8.1 3 3 6 -8.1 -9.3
32 40 27 6 0.98 -1.3 5.9 0 5.9 2 2 4 5.9 2.35
32 16 28 -7.1 0.07 -19.6 -18.7 0 -18.7 5 4 9 -18.7 -16.48
32 31 29 6.7 0.95 -1.8 6.4 1 6.7 6 6 12 6.4 6.7
32 55 30 11.4 0.97 1.9 11 0 11 5 4 9 11 11.4
33 57 1 11.5 0.6 3.7 7.9 1 11.5 4 5 9 7.9 9.94
33 59 2 10.1 0.3 4.2 6 0 6 3 3 6 6 6.17
33 32 3 6.7 0.93 -5 5.6 0 5.6 2 2 4 5.6 0.85
33 39 4 7.4 0.3 -8.2 -6.9 0 -6.9 4 3 7 -6.9 -8.2
33 19 5 -6.5 0.9 -17.5 -8.4 1 -6.5 3 3 6 -8.4 -6.5
33 14 6 -8.8 0.6 -19.5 -15.5 1 -19.5 3 2 5 -15.5 -8.8
33 34 7 1.3 0.05 -4.3 -4.1 0 -4.1 5 3 8 -4.1 -4.3
33 17 8 -9.7 0.1 -24.7 -23.8 0 -23.8 1 2 3 -23.8 -24.7
33 35 9 3 0.93 -7.2 2.2 1 3 3 3 6 2.2 3
33 55 10 11.4 0.97 1.9 11 1 11.4 3 2 5 11 11.4
33 37 11 2.1 0.8 -8.4 1.3 1 2.1 2 1 3 1.3 2.1
33 60 12 8 0.92 0.8 7.7 1 8 2 2 4 7.7 8
33 20 13 -4.3 0.6 -16.1 -4.5 0 -4.5 3 4 7 -4.5 -13.15
33 33 14 7.3 0.96 -8.5 6.8 1 7.3 3 5 8 6.8 7.3
33 56 15 26.5 0.94 8.3 25.2 1 26.5 2 5 7 25.2 26.5
33 36 16 5 0.08 -9.1 -7.9 0 -7.9 1 2 3 -7.9 -9.1
33 54 17 16.5 0.01 6.9 7 0 7 2 4 6 7 6.9
33 11 18 -1.2 0.02 -12.3 -12.1 0 -12.1 3 3 6 -12.1 -12.3
33 51 19 13.1 0.94 3.8 12.8 1 13.1 2 2 4 12.8 13.1
33 16 20 -7.1 0.07 -19.6 -18.7 0 -18.7 2 1 3 -18.7 -19.6
33 15 21 -8.9 0.08 -26.3 -25.4 0 -25.4 2 1 3 -25.4 -26.3
33 38 22 6.7 0.07 -6.2 -5.1 0 -5.1 1 1 2 -5.1 -6.2
33 58 23 20.8 0.99 8.9 20.7 1 20.8 1 1 2 20.7 20.8
33 18 24 -4 0.2 -9.3 -8.1 0 -8.1 2 2 4 -8.1 -9.3
33 52 25 3.5 0.09 0.1 0.5 0 0.5 1 1 2 0.5 0.1
33 12 26 -5.4 0.94 -16.8 -6.4 1 -5.4 2 2 4 -6.4 -5.4
33 53 27 25.7 0.1 8.1 11.5 0 11.5 1 1 2 11.5 8.1
33 13 28 -2 0.05 -10.4 -9.4 0 -9.4 2 2 4 -9.4 -10.4
33 40 29 6 0.98 -1.3 5.9 1 6 1 1 2 5.9 6
33 31 30 6.7 0.95 -1.8 6.4 1 6.7 1 1 2 6.4 6.7
34 14 1 -8.8 0.6 -19.5 -15.5 0 -15.5 15 28 43 -15.5 -14.91
34 39 2 7.4 0.3 -8.2 -6.9 1 7.4 20 17 37 -6.9 -4.53
34 17 3 -9.7 0.1 -24.7 -23.8 0 -23.8 7 11 18 -23.8 -24.7
34 32 4 6.7 0.93 -5 5.6 1 -5 10 10 20 5.6 6.7
34 31 5 6.7 0.95 -1.8 6.4 0 6.4 13 14 27 6.4 5.49
34 57 6 11.5 0.6 3.7 7.9 0 7.9 13 10 23 7.9 6.82
34 20 7 -4.3 0.6 -16.1 -4.5 0 -4.5 10 14 24 -4.5 -7.67
34 19 8 -6.5 0.9 -17.5 -8.4 1 -6.5 9 15 24 -8.4 -7.23
34 55 9 11.4 0.97 1.9 11 1 11.4 5 13 18 11 11.4
34 40 10 6 0.98 -1.3 5.9 1 6 15 21 36 5.9 6
34 35 11 3 0.93 -7.2 2.2 0 2.2 15 9 24 2.2 1.87
34 59 12 10.1 0.3 4.2 6 0 6 16 5 21 6 6.56
34 15 13 -8.9 0.08 -26.3 -25.4 0 -25.4 13 19 32 -25.4 -25.38
34 13 14 -2 0.05 -10.4 -9.4 0 -9.4 10 13 23 -9.4 -9.75
34 36 15 5 0.08 -9.1 -7.9 0 -7.9 11 7 18 -7.9 -9.1
34 53 16 25.7 0.1 8.1 11.5 0 11.5 7 12 19 11.5 8.1
34 56 17 26.5 0.94 8.3 25.2 0 25.2 8 10 18 25.2 24.68
34 60 18 8 0.92 0.8 7.7 1 8 13 13 26 7.7 7.45
34 18 19 -4 0.2 -9.3 -8.1 0 -8.1 6 9 15 -8.1 -8.71
34 16 20 -7.1 0.07 -19.6 -18.7 0 -18.7 11 8 19 -18.7 -19.6
34 38 21 6.7 0.07 -6.2 -5.1 0 -5.1 5 7 12 -5.1 -6.2
34 11 22 -1.2 0.02 -12.3 -12.1 0 -12.1 5 7 12 -12.1 -12.3
34 33 23 7.3 0.96 -8.5 6.8 0 6.8 4 3 7 6.8 2.03
34 37 24 2.1 0.8 -8.4 1.3 0 1.3 4 15 19 1.3 0.7
34 52 25 3.5 0.09 0.1 0.5 0 0.5 8 5 13 0.5 0.1
34 34 26 1.3 0.05 -4.3 -4.1 0 -4.1 5 5 10 -4.1 -4.3
34 51 27 13.1 0.94 3.8 12.8 1 13.1 4 7 11 12.8 13.1
34 58 28 20.8 0.99 8.9 20.7 0 20.7 7 5 12 20.7 18.42
34 12 29 -5.4 0.94 -16.8 -6.4 1 -5.4 4 3 7 -6.4 -5.4
34 54 30 16.5 0.01 6.9 7 0 7 3 2 5 7 6.9
35 18 1 -4 0.2 -9.3 -8.1 1 -9.3 14 11 25 -8.1 -9.3
35 55 2 11.4 0.97 1.9 11 1 11.4 2 4 6 11 11.4
35 31 3 6.7 0.95 -1.8 6.4 1 6.7 2 4 6 6.4 6.7
35 37 4 2.1 0.8 -8.4 1.3 1 2.1 1 4 5 1.3 2.1
35 53 5 25.7 0.1 8.1 11.5 0 11.5 2 2 4 11.5 8.1
35 51 6 13.1 0.94 3.8 12.8 1 13.1 1 2 3 12.8 13.1
35 36 7 5 0.08 -9.1 -7.9 0 -7.9 3 2 5 -7.9 -9.1
35 60 8 8 0.92 0.8 7.7 1 8 1 2 3 7.7 8
35 14 9 -8.8 0.6 -19.5 -15.5 0 -15.5 2 1 3 -15.5 -19.5
35 12 10 -5.4 0.94 -16.8 -6.4 1 -5.4 1 1 2 -6.4 -5.4
35 38 11 6.7 0.07 -6.2 -5.1 0 -5.1 1 1 2 -5.1 -6.2
35 34 12 1.3 0.05 -4.3 -4.1 0 -4.1 5 5 10 -4.1 -4.3
35 59 13 10.1 0.3 4.2 6 1 4.2 1 2 3 6 10.1
35 56 14 26.5 0.94 8.3 25.2 1 26.5 1 3 4 25.2 26.5
35 11 15 -1.2 0.02 -12.3 -12.1 0 -12.1 2 1 3 -12.1 -12.3
35 52 16 3.5 0.09 0.1 0.5 0 0.5 2 1 3 0.5 0.1
35 16 17 -7.1 0.07 -19.6 -18.7 0 -18.7 1 1 2 -18.7 -19.6
35 33 18 7.3 0.96 -8.5 6.8 1 7.3 2 2 4 6.8 7.3
35 15 19 -8.9 0.08 -26.3 -25.4 0 -25.4 1 1 2 -25.4 -26.3
35 39 20 7.4 0.3 -8.2 -6.9 1 7.4 4 11 15 -6.9 -2.53
35 54 21 16.5 0.01 6.9 7 0 7 5 7 12 7 6.9
35 58 22 20.8 0.99 8.9 20.7 0 20.7 11 7 18 20.7 19.1
35 35 23 3 0.93 -7.2 2.2 1 3 11 13 24 2.2 3
35 19 24 -6.5 0.9 -17.5 -8.4 0 -8.4 8 4 12 -8.4 -9.25
35 13 25 -2 0.05 -10.4 -9.4 1 -10.4 4 15 19 -9.4 -9.28
35 57 26 11.5 0.6 3.7 7.9 0 7.9 4 5 9 7.9 8.38
35 20 27 -4.3 0.6 -16.1 -4.5 0 -4.5 10 3 13 -4.5 -12.17
35 40 28 6 0.98 -1.3 5.9 1 6 5 23 28 5.9 6
35 17 29 -9.7 0.1 -24.7 -23.8 1 -24.7 6 6 12 -23.8 -19.7
35 32 30 6.7 0.93 -5 5.6 0 5.6 5 5 10 5.6 2.02
36 34 1 1.3 0.05 -4.3 -4.1 0 -4.1 9 8 17 -4.1 -4.3
36 14 2 -8.8 0.6 -19.5 -15.5 1 -8.8 6 9 15 -15.5 -13.56
36 51 3 13.1 0.94 3.8 12.8 1 13.1 6 10 16 12.8 13.1
36 31 4 6.7 0.95 -1.8 6.4 1 6.7 4 8 12 6.4 6.7
36 39 5 7.4 0.3 -8.2 -6.9 1 -8.2 6 11 17 -6.9 -3.95
36 17 6 -9.7 0.1 -24.7 -23.8 1 -24.7 6 16 22 -23.8 -23.76
36 15 7 -8.9 0.08 -26.3 -25.4 1 -26.3 5 4 9 -25.4 -21.95
36 35 8 3 0.93 -7.2 2.2 1 3 8 11 19 2.2 3
36 37 9 2.1 0.8 -8.4 1.3 0 1.3 5 5 10 1.3 -4.2
36 20 10 -4.3 0.6 -16.1 -4.5 0 -4.5 4 5 9 -4.5 -11.38
36 19 11 -6.5 0.9 -17.5 -8.4 0 -8.4 5 9 14 -8.4 -10.17
36 12 12 -5.4 0.94 -16.8 -6.4 0 -6.4 2 5 7 -6.4 -7.68
36 53 13 25.7 0.1 8.1 11.5 0 11.5 7 5 12 11.5 8.1
36 33 14 7.3 0.96 -8.5 6.8 1 7.3 7 11 18 6.8 7.3
36 52 15 3.5 0.09 0.1 0.5 0 0.5 4 9 13 0.5 0.1
36 58 16 20.8 0.99 8.9 20.7 0 20.7 2 10 12 20.7 20.8
36 16 17 -7.1 0.07 -19.6 -18.7 1 -19.6 1 8 9 -18.7 -18.04
36 38 18 6.7 0.07 -6.2 -5.1 1 -6.2 3 5 8 -5.1 -3.62
36 54 19 16.5 0.01 6.9 7 1 6.9 5 19 24 7 6.9
36 60 20 8 0.92 0.8 7.7 0 7.7 5 4 9 7.7 6.2
36 32 21 6.7 0.93 -5 5.6 0 5.6 4 5 9 5.6 4.36
36 57 22 11.5 0.6 3.7 7.9 1 11.5 3 8 11 7.9 8.58
36 40 23 6 0.98 -1.3 5.9 0 5.9 2 7 9 5.9 6
36 13 24 -2 0.05 -10.4 -9.4 1 -10.4 4 3 7 -9.4 -7.6
36 36 25 5 0.08 -9.1 -7.9 1 -9.1 2 5 7 -7.9 -6.28
36 59 26 10.1 0.3 4.2 6 1 10.1 1 3 4 6 6.17
36 18 27 -4 0.2 -9.3 -8.1 1 -9.3 1 6 7 -8.1 -8.42
36 55 28 11.4 0.97 1.9 11 0 11 1 12 13 11 11.4
36 56 29 26.5 0.94 8.3 25.2 0 25.2 2 6 8 25.2 26.5
36 11 30 -1.2 0.02 -12.3 -12.1 1 -12.3 1 5 6 -12.1 -10.08
37 19 1 -6.5 0.9 -17.5 -8.4 1 -6.5 28 44 72 -8.4 -8.25
37 38 2 6.7 0.07 -6.2 -5.1 0 -5.1 15 6 21 -5.1 -6.2
37 13 3 -2 0.05 -10.4 -9.4 0 -9.4 15 5 20 -9.4 -10.4
37 17 4 -9.7 0.1 -24.7 -23.8 1 -24.7 9 10 19 -23.8 -23.2
37 57 5 11.5 0.6 3.7 7.9 0 7.9 9 8 17 7.9 7.6
37 31 6 6.7 0.95 -1.8 6.4 0 6.4 9 6 15 6.4 5.28
37 37 7 2.1 0.8 -8.4 1.3 0 1.3 3 7 10 1.3 -0.9
37 36 8 5 0.08 -9.1 -7.9 1 -9.1 6 9 15 -7.9 -7.53
37 40 9 6 0.98 -1.3 5.9 1 6 17 14 31 5.9 6
37 18 10 -4 0.2 -9.3 -8.1 1 -9.3 11 18 29 -8.1 -8.12
37 35 11 3 0.93 -7.2 2.2 1 3 9 11 20 2.2 3
37 32 12 6.7 0.93 -5 5.6 0 5.6 3 6 9 5.6 4.75
37 58 13 20.8 0.99 8.9 20.7 0 20.7 2 5 7 20.7 20.8
37 33 14 7.3 0.96 -8.5 6.8 1 7.3 2 12 14 6.8 7.3
37 34 15 1.3 0.05 -4.3 -4.1 1 -4.3 3 5 8 -4.1 -3.18
37 55 16 11.4 0.97 1.9 11 1 11.4 2 9 11 11 11.4
37 59 17 10.1 0.3 4.2 6 1 10.1 4 8 12 6 6.41
37 53 18 25.7 0.1 8.1 11.5 0 11.5 3 7 10 11.5 13.13
37 12 19 -5.4 0.94 -16.8 -6.4 0 -6.4 5 10 15 -6.4 -6.54
37 39 20 7.4 0.3 -8.2 -6.9 1 -8.2 2 7 9 -6.9 -3.74
37 20 21 -4.3 0.6 -16.1 -4.5 0 -4.5 2 4 6 -4.5 -10.2
37 11 22 -1.2 0.02 -12.3 -12.1 0 -12.1 15 6 21 -12.1 -12.3
37 52 23 3.5 0.09 0.1 0.5 0 0.5 14 4 18 0.5 0.1
37 14 24 -8.8 0.6 -19.5 -15.5 1 -8.8 4 2 6 -15.5 -14.15
37 51 25 13.1 0.94 3.8 12.8 0 12.8 2 4 6 12.8 10.78
37 56 26 26.5 0.94 8.3 25.2 0 25.2 2 11 13 25.2 24.85
37 54 27 16.5 0.01 6.9 7 1 6.9 7 3 10 7 6.9
37 60 28 8 0.92 0.8 7.7 1 8 1 6 7 7.7 8
37 15 29 -8.9 0.08 -26.3 -25.4 1 -26.3 1 5 6 -25.4 -22.82
37 16 30 -7.1 0.07 -19.6 -18.7 0 -18.7 4 5 9 -18.7 -19.6
38 52 1 3.5 0.09 0.1 0.5 0 0.5 49 16 65 0.5 0.31
38 40 2 6 0.98 -1.3 5.9 0 5.9 14 23 37 5.9 5.68
38 56 3 26.5 0.94 8.3 25.2 1 26.5 6 35 41 25.2 25.98
38 16 4 -7.1 0.07 -19.6 -18.7 0 -18.7 10 18 28 -18.7 -18.91
38 59 5 10.1 0.3 4.2 6 1 4.2 6 13 19 6 5.56
38 53 6 25.7 0.1 8.1 11.5 0 11.5 13 12 25 11.5 9.57
38 57 7 11.5 0.6 3.7 7.9 1 3.7 5 7 12 7.9 8.16
38 35 8 3 0.93 -7.2 2.2 0 2.2 11 19 30 2.2 2.46
38 36 9 5 0.08 -9.1 -7.9 0 -7.9 11 16 27 -7.9 -8.22
38 38 10 6.7 0.07 -6.2 -5.1 1 -6.2 4 12 16 -5.1 -5.13
38 11 11 -1.2 0.02 -12.3 -12.1 1 -12.3 8 12 20 -12.1 -11.37
38 60 12 8 0.92 0.8 7.7 0 7.7 4 10 14 7.7 6.56
38 31 13 6.7 0.95 -1.8 6.4 1 6.7 11 14 25 6.4 6.7
38 33 14 7.3 0.96 -8.5 6.8 1 7.3 13 23 36 6.8 5.93
38 58 15 20.8 0.99 8.9 20.7 0 20.7 4 11 15 20.7 20.8
38 13 16 -2 0.05 -10.4 -9.4 1 -10.4 3 9 12 -9.4 -8.53
38 14 17 -8.8 0.6 -19.5 -15.5 1 -8.8 3 12 15 -15.5 -9.69
38 20 18 -4.3 0.6 -16.1 -4.5 0 -4.5 4 2 6 -4.5 -10.2
38 51 19 13.1 0.94 3.8 12.8 0 12.8 6 7 13 12.8 11.77
38 34 20 1.3 0.05 -4.3 -4.1 0 -4.1 21 16 37 -4.1 -4.3
38 15 21 -8.9 0.08 -26.3 -25.4 0 -25.4 17 14 31 -25.4 -26.3
38 54 22 16.5 0.01 6.9 7 0 7 14 13 27 7 6.9
38 12 23 -5.4 0.94 -16.8 -6.4 1 -5.4 10 12 22 -6.4 -5.4
38 19 24 -6.5 0.9 -17.5 -8.4 0 -8.4 2 6 8 -8.4 -8.33
38 55 25 11.4 0.97 1.9 11 1 11.4 11 9 20 11 11.4
38 32 26 6.7 0.93 -5 5.6 1 6.7 8 7 15 5.6 6.7
38 17 27 -9.7 0.1 -24.7 -23.8 1 -24.7 11 6 17 -23.8 -22.2
38 39 28 7.4 0.3 -8.2 -6.9 1 -8.2 8 9 17 -6.9 -3
38 37 29 2.1 0.8 -8.4 1.3 0 1.3 5 7 12 1.3 -0.9
38 18 30 -4 0.2 -9.3 -8.1 1 -9.3 6 6 12 -8.1 -7.53
39 51 1 13.1 0.94 3.8 12.8 1 13.1 2 4 6 12.8 13.1
39 36 2 5 0.08 -9.1 -7.9 0 -7.9 10 4 14 -7.9 -9.1
39 60 3 8 0.92 0.8 7.7 1 8 3 4 7 7.7 6.2
39 15 4 -8.9 0.08 -26.3 -25.4 0 -25.4 2 2 4 -25.4 -26.3
39 39 5 7.4 0.3 -8.2 -6.9 1 -8.2 4 5 9 -6.9 -1.96
39 18 6 -4 0.2 -9.3 -8.1 0 -8.1 4 7 11 -8.1 -9.3
39 19 7 -6.5 0.9 -17.5 -8.4 1 -6.5 2 3 5 -8.4 -6.5
39 58 8 20.8 0.99 8.9 20.7 1 20.8 3 5 8 20.7 20.8
39 33 9 7.3 0.96 -8.5 6.8 1 7.3 5 7 12 6.8 7.3
39 57 10 11.5 0.6 3.7 7.9 0 7.9 2 5 7 7.9 6.82
39 53 11 25.7 0.1 8.1 11.5 0 11.5 4 3 7 11.5 8.1
39 38 12 6.7 0.07 -6.2 -5.1 0 -5.1 2 2 4 -5.1 -6.2
39 13 13 -2 0.05 -10.4 -9.4 0 -9.4 4 4 8 -9.4 -10.4
39 35 14 3 0.93 -7.2 2.2 1 3 4 4 8 2.2 3
39 31 15 6.7 0.95 -1.8 6.4 1 6.7 4 4 8 6.4 6.7
39 11 16 -1.2 0.02 -12.3 -12.1 0 -12.1 3 3 6 -12.1 -12.3
39 34 17 1.3 0.05 -4.3 -4.1 0 -4.1 2 2 4 -4.1 -4.3
39 52 18 3.5 0.09 0.1 0.5 0 0.5 4 3 7 0.5 1.23
39 54 19 16.5 0.01 6.9 7 0 7 5 12 17 7 6.9
39 37 20 2.1 0.8 -8.4 1.3 0 1.3 4 4 8 1.3 -3.15
39 32 21 6.7 0.93 -5 5.6 1 6.7 3 4 7 5.6 6.7
39 20 22 -4.3 0.6 -16.1 -4.5 0 -4.5 5 5 10 -4.5 -9.02
39 16 23 -7.1 0.07 -19.6 -18.7 0 -18.7 3 3 6 -18.7 -19.6
39 40 24 6 0.98 -1.3 5.9 0 5.9 2 2 4 5.9 6
39 17 25 -9.7 0.1 -24.7 -23.8 0 -23.8 6 4 10 -23.8 -24.7
39 56 26 26.5 0.94 8.3 25.2 0 25.2 5 5 10 25.2 22.86
39 12 27 -5.4 0.94 -16.8 -6.4 1 -5.4 4 4 8 -6.4 -5.4
39 14 28 -8.8 0.6 -19.5 -15.5 1 -8.8 3 4 7 -15.5 -11.48
39 59 29 10.1 0.3 4.2 6 1 4.2 3 3 6 6 8.13
39 55 30 11.4 0.97 1.9 11 0 11 2 2 4 11 11.4
40 59 1 10.1 0.3 4.2 6 1 4.2 6 7 13 6 7.57
40 38 2 6.7 0.07 -6.2 -5.1 0 -5.1 9 20 29 -5.1 -4.27
40 12 3 -5.4 0.94 -16.8 -6.4 1 -5.4 4 14 18 -6.4 -7.03
40 20 4 -4.3 0.6 -16.1 -4.5 0 -4.5 3 15 18 -4.5 -9.81
40 15 5 -8.9 0.08 -26.3 -25.4 0 -25.4 4 8 12 -25.4 -24.13
40 57 6 11.5 0.6 3.7 7.9 1 11.5 2 3 5 7.9 11.5
40 36 7 5 0.08 -9.1 -7.9 0 -7.9 3 6 9 -7.9 -9.1
40 31 8 6.7 0.95 -1.8 6.4 1 6.7 4 7 11 6.4 6.7
40 32 9 6.7 0.93 -5 5.6 1 6.7 1 2 3 5.6 6.7
40 60 10 8 0.92 0.8 7.7 1 0.8 3 4 7 7.7 8
40 35 11 3 0.93 -7.2 2.2 0 2.2 2 5 7 2.2 0.96
40 51 12 13.1 0.94 3.8 12.8 1 13.1 1 3 4 12.8 13.1
40 18 13 -4 0.2 -9.3 -8.1 0 -8.1 3 11 14 -8.1 -8.34
40 13 14 -2 0.05 -10.4 -9.4 0 -9.4 2 8 10 -9.4 -10.4
40 14 15 -8.8 0.6 -19.5 -15.5 1 -8.8 1 2 3 -15.5 -8.8
40 33 16 7.3 0.96 -8.5 6.8 1 7.3 1 2 3 6.8 7.3
40 54 17 16.5 0.01 6.9 7 0 7 1 7 8 7 6.9
40 39 18 7.4 0.3 -8.2 -6.9 1 -8.2 1 1 2 -6.9 7.4
40 58 19 20.8 0.99 8.9 20.7 1 20.8 1 2 3 20.7 20.8
40 34 20 1.3 0.05 -4.3 -4.1 0 -4.1 2 2 4 -4.1 -4.3
40 11 21 -1.2 0.02 -12.3 -12.1 0 -12.1 1 6 7 -12.1 -12.3
40 40 22 6 0.98 -1.3 5.9 1 6 1 2 3 5.9 6
40 17 23 -9.7 0.1 -24.7 -23.8 0 -23.8 1 6 7 -23.8 -22.2
40 52 24 3.5 0.09 0.1 0.5 0 0.5 1 6 7 0.5 0.1
40 56 25 26.5 0.94 8.3 25.2 1 26.5 1 3 4 25.2 26.5
40 16 26 -7.1 0.07 -19.6 -18.7 0 -18.7 2 3 5 -18.7 -19.6
40 19 27 -6.5 0.9 -17.5 -8.4 1 -6.5 1 2 3 -8.4 -6.5
40 55 28 11.4 0.97 1.9 11 1 11.4 1 2 3 11 11.4
40 53 29 25.7 0.1 8.1 11.5 0 11.5 1 2 3 11.5 8.1
40 37 30 2.1 0.8 -8.4 1.3 0 1.3 1 2 3 1.3 -3.15
