1 5 1 -1.7 0.9 -3.9 -1.9 1 -1.7 7 16 23 -1.9 -1.84
1 10 2 -1.5 0.92 -6.4 -1.8 0 -1.8 6 6 12 -1.8 -2.32
1 41 3 18.8 0.8 7.6 15.5 1 18.8 5 8 13 15.5 18.8
1 21 4 2 0.1 -5.7 -4.6 0 -4.6 3 7 10 -4.6 -5.7
1 43 5 22.9 0.06 9.6 9.2 1 9.6 3 7 10 9.2 11.5
1 23 6 7.3 0.8 -3.6 5.6 1 7.3 6 7 13 5.6 7.3
1 47 7 24.3 0.04 9.7 10.6 0 10.6 7 4 11 10.6 9.7
1 3 8 -6.3 0.3 -15.2 -12.2 0 -12.2 3 4 7 -12.2 -15.2
1 45 9 2.8 0.8 1 2.2 1 2.8 4 4 8 2.2 2.8
1 7 10 -5.6 0.7 -20.2 -11.7 1 -5.6 4 5 9 -11.7 -8.52
1 29 11 7.9 0.92 -2.3 7 1 7.9 4 4 8 7 7.9
1 2 12 -0.9 0.95 -4.2 -1 0 -1 3 5 8 -1 -1.56
1 9 13 -5.7 0.95 -16.3 -6.1 0 -6.1 4 11 15 -6.1 -6.66
1 42 14 17.9 0.92 7.2 17.1 1 17.9 2 2 4 17.1 17.9
1 26 15 6.4 0.05 -5.3 -4.9 0 -4.9 2 1 3 -4.9 -5.3
1 27 16 1.6 0.93 -8.3 1.2 1 1.6 1 1 2 1.2 1.6
1 49 17 13.4 0.5 3.8 9.9 1 13.4 1 6 7 9.9 11.8
1 28 18 5.9 0.8 -0.8 4.6 1 5.9 2 5 7 4.6 5.9
1 1 19 -0.3 0.96 -2.1 -0.3 0 -0.3 2 1 3 -0.3 -0.3
1 25 20 7.4 0.02 -6.6 -6.4 0 -6.4 2 2 4 -6.4 -6.6
1 50 21 5.8 0.04 2.7 2.8 1 2.7 4 3 7 2.8 2.7
1 8 22 -0.7 0.1 -6.5 -6 1 -6.5 3 4 7 -6 -5.05
1 4 23 -10 0.2 -29.2 -25.6 0 -25.6 5 7 12 -25.6 -29.2
1 46 24 17.1 0.1 6.9 8 1 6.9 3 3 6 8 6.9
1 48 25 18.2 0.98 6.9 18.1 1 18.2 1 1 2 18.1 18.2
1 24 26 9.2 0.05 -9.5 -7.5 0 -7.5 1 2 3 -7.5 -9.5
1 44 27 10 0.96 1.7 9.9 1 10 1 1 2 9.9 10
1 22 28 9.6 0.91 -6.4 8.7 1 9.6 1 1 2 8.7 9.6
1 30 29 3 0.91 -7.7 1.4 1 3 1 1 2 1.4 3
1 6 30 -6.3 0.99 -15.7 -6.4 0 -6.4 1 1 2 -6.4 -6.3
2 24 1 9.2 0.05 -9.5 -7.5 0 -7.5 11 31 42 -7.5 -8.9
2 27 2 1.6 0.93 -8.3 1.2 1 1.6 10 10 20 1.2 1.6
2 3 3 -6.3 0.3 -15.2 -12.2 1 -6.3 7 10 17 -12.2 -12.53
2 21 4 2 0.1 -5.7 -4.6 1 -5.7 6 15 21 -4.6 -4.67
2 26 5 6.4 0.05 -5.3 -4.9 0 -4.9 10 10 20 -4.9 -5.3
2 47 6 24.3 0.04 9.7 10.6 1 9.7 6 11 17 10.6 11.03
2 49 7 13.4 0.5 3.8 9.9 0 9.9 3 10 13 9.9 9.56
2 48 8 18.2 0.98 6.9 18.1 0 18.1 6 11 17 18.1 18.2
2 41 9 18.8 0.8 7.6 15.5 0 15.5 8 3 11 15.5 11.33
2 45 10 2.8 0.8 1 2.2 1 1 5 4 9 2.2 2.35
2 30 11 3 0.91 -7.7 1.4 0 1.4 2 10 12 1.4 1.93
2 25 12 7.4 0.02 -6.6 -6.4 0 -6.4 10 8 18 -6.4 -6.6
2 7 13 -5.6 0.7 -20.2 -11.7 1 -20.2 3 10 13 -11.7 -9.98
2 22 14 9.6 0.91 -6.4 8.7 0 8.7 5 10 15 8.7 8
2 9 15 -5.7 0.95 -16.3 -6.1 1 -5.7 6 12 18 -6.1 -5.7
2 23 16 7.3 0.8 -3.6 5.6 1 7.3 7 13 20 5.6 6.46
2 44 17 10 0.96 1.7 9.9 1 10 10 10 20 9.9 10
2 50 18 5.8 0.04 2.7 2.8 0 2.8 7 10 17 2.8 2.7
2 29 19 7.9 0.92 -2.3 7 1 7.9 11 10 21 7 7.9
2 28 20 5.9 0.8 -0.8 4.6 0 4.6 9 10 19 4.6 3.89
2 42 21 17.9 0.92 7.2 17.1 1 17.9 6 10 16 17.1 17.9
2 8 22 -0.7 0.1 -6.5 -6 1 -6.5 3 11 14 -6 -5.97
2 43 23 22.9 0.06 9.6 9.2 1 9.6 3 10 13 9.2 10.93
2 6 24 -6.3 0.99 -15.7 -6.4 0 -6.4 1 10 11 -6.4 -7.24
2 10 25 -1.5 0.92 -6.4 -1.8 1 -1.5 3 10 13 -1.8 -1.99
2 2 26 -0.9 0.95 -4.2 -1 1 -0.9 5 8 13 -1 -0.9
2 4 27 -10 0.2 -29.2 -25.6 1 -29.2 4 11 15 -25.6 -23.96
2 1 28 -0.3 0.96 -2.1 -0.3 0 -0.3 10 8 18 -0.3 -0.3
2 5 29 -1.7 0.9 -3.9 -1.9 0 -1.9 2 10 12 -1.9 -1.92
2 46 30 17.1 0.1 6.9 8 0 8 6 6 12 8 8.6
3 25 1 7.4 0.02 -6.6 -6.4 0 -6.4 5 3 8 -6.4 -6.6
3 10 2 -1.5 0.92 -6.4 -1.8 1 -1.5 6 7 13 -1.8 -2.2
3 1 3 -0.3 0.96 -2.1 -0.3 1 -0.3 4 4 8 -0.3 -0.3
3 21 4 2 0.1 -5.7 -4.6 0 -4.6 3 3 6 -4.6 -5.7
3 44 5 10 0.96 1.7 9.9 1 10 2 3 5 9.9 10
3 24 6 9.2 0.05 -9.5 -7.5 0 -7.5 3 3 6 -7.5 -9.5
3 26 7 6.4 0.05 -5.3 -4.9 0 -4.9 3 3 6 -4.9 -5.3
3 47 8 24.3 0.04 9.7 10.6 0 10.6 3 3 6 10.6 9.7
3 4 9 -10 0.2 -29.2 -25.6 1 -10 13 12 25 -25.6 -19.6
3 6 10 -6.3 0.99 -15.7 -6.4 1 -6.3 3 6 9 -6.4 -6.3
3 48 11 18.2 0.98 6.9 18.1 1 18.2 3 5 8 18.1 18.2
3 27 12 1.6 0.93 -8.3 1.2 1 1.6 2 7 9 1.2 1.6
3 2 13 -0.9 0.95 -4.2 -1 1 -0.9 4 6 10 -1 -0.9
3 5 14 -1.7 0.9 -3.9 -1.9 1 -1.7 3 3 6 -1.9 -1.7
3 46 15 17.1 0.1 6.9 8 0 8 2 2 4 8 6.9
3 3 16 -6.3 0.3 -15.2 -12.2 1 -15.2 12 26 38 -12.2 -11.78
3 22 17 9.6 0.91 -6.4 8.7 1 9.6 5 6 11 8.7 6.93
3 45 18 2.8 0.8 1 2.2 1 2.8 7 15 22 2.2 2.56
3 8 19 -0.7 0.1 -6.5 -6 0 -6 11 7 18 -6 -6.5
3 42 20 17.9 0.92 7.2 17.1 1 17.9 3 14 17 17.1 17.14
3 28 21 5.9 0.8 -0.8 4.6 0 4.6 8 8 16 4.6 1.71
3 50 22 5.8 0.04 2.7 2.8 0 2.8 6 3 9 2.8 2.7
3 29 23 7.9 0.92 -2.3 7 1 7.9 2 3 5 7 7.9
3 43 24 22.9 0.06 9.6 9.2 1 9.6 1 2 3 9.2 9.6
3 23 25 7.3 0.8 -3.6 5.6 1 7.3 5 6 11 5.6 5.48
3 41 26 18.8 0.8 7.6 15.5 1 18.8 3 3 6 15.5 18.8
3 9 27 -5.7 0.95 -16.3 -6.1 0 -6.1 4 3 7 -6.1 -5.7
3 49 28 13.4 0.5 3.8 9.9 1 13.4 2 2 4 9.9 13.4
3 30 29 3 0.91 -7.7 1.4 1 3 1 1 2 1.4 3
3 7 30 -5.6 0.7 -20.2 -11.7 1 -5.6 2 5 7 -11.7 -8.52
4 22 1 9.6 0.91 -6.4 8.7 1 -6.4 4 4 8 8.7 9.6
4 47 2 24.3 0.04 9.7 10.6 0 10.6 7 7 14 10.6 11.79
4 41 3 18.8 0.8 7.6 15.5 1 18.8 3 3 6 15.5 15.07
4 45 4 2.8 0.8 1 2.2 1 2.8 3 7 10 2.2 2.54
4 25 5 7.4 0.02 -6.6 -6.4 0 -6.4 2 2 4 -6.4 -6.6
4 1 6 -0.3 0.96 -2.1 -0.3 0 -0.3 1 2 3 -0.3 -0.3
4 48 7 18.2 0.98 6.9 18.1 1 18.2 2 2 4 18.1 18.2
4 42 8 17.9 0.92 7.2 17.1 1 17.9 1 2 3 17.1 17.9
4 26 9 6.4 0.05 -5.3 -4.9 0 -4.9 1 2 3 -4.9 -5.3
4 46 10 17.1 0.1 6.9 8 0 8 2 2 4 8 6.9
4 5 11 -1.7 0.9 -3.9 -1.9 1 -1.7 1 2 3 -1.9 -1.7
4 4 12 -10 0.2 -29.2 -25.6 0 -25.6 2 2 4 -25.6 -29.2
4 44 13 10 0.96 1.7 9.9 1 10 3 1 4 9.9 10
4 27 14 1.6 0.93 -8.3 1.2 1 1.6 1 2 3 1.2 1.6
4 43 15 22.9 0.06 9.6 9.2 1 9.6 1 1 2 9.2 9.6
4 24 16 9.2 0.05 -9.5 -7.5 0 -7.5 1 1 2 -7.5 -9.5
4 50 17 5.8 0.04 2.7 2.8 0 2.8 1 2 3 2.8 2.7
4 10 18 -1.5 0.92 -6.4 -1.8 1 -1.5 1 2 3 -1.8 -1.5
4 7 19 -5.6 0.7 -20.2 -11.7 1 -20.2 2 2 4 -11.7 -5.6
4 49 20 13.4 0.5 3.8 9.9 1 13.4 1 1 2 9.9 13.4
4 2 21 -0.9 0.95 -4.2 -1 1 -0.9 1 1 2 -1 -0.9
4 28 22 5.9 0.8 -0.8 4.6 1 5.9 1 2 3 4.6 5.9
4 21 23 2 0.1 -5.7 -4.6 0 -4.6 1 1 2 -4.6 -5.7
4 6 24 -6.3 0.99 -15.7 -6.4 1 -6.3 1 1 2 -6.4 -6.3
4 8 25 -0.7 0.1 -6.5 -6 0 -6 1 1 2 -6 -6.5
4 23 26 7.3 0.8 -3.6 5.6 0 5.6 2 1 3 5.6 -3.6
4 9 27 -5.7 0.95 -16.3 -6.1 1 -5.7 1 1 2 -6.1 -5.7
4 29 28 7.9 0.92 -2.3 7 1 7.9 1 1 2 7 7.9
4 30 29 3 0.91 -7.7 1.4 1 3 1 1 2 1.4 3
4 3 30 -6.3 0.3 -15.2 -12.2 0 -12.2 2 2 4 -12.2 -15.2
5 23 1 7.3 0.8 -3.6 5.6 1 7.3 6 16 22 5.6 5.94
5 7 2 -5.6 0.7 -20.2 -11.7 0 -11.7 4 5 9 -11.7 -11.44
5 27 3 1.6 0.93 -8.3 1.2 0 1.2 3 3 6 1.2 1.6
5 44 4 10 0.96 1.7 9.9 0 9.9 3 2 5 9.9 5.85
5 9 5 -5.7 0.95 -16.3 -6.1 1 -5.7 2 5 7 -6.1 -5.7
5 48 6 18.2 0.98 6.9 18.1 1 18.2 2 6 8 18.1 18.2
5 21 7 2 0.1 -5.7 -4.6 0 -4.6 4 7 11 -4.6 -5.7
5 3 8 -6.3 0.3 -15.2 -12.2 0 -12.2 3 4 7 -12.2 -12.98
5 30 9 3 0.91 -7.7 1.4 1 -7.7 4 5 9 1.4 0.86
5 2 10 -0.9 0.95 -4.2 -1 1 -0.9 2 10 12 -1 -1.56
5 25 11 7.4 0.02 -6.6 -6.4 0 -6.4 10 6 16 -6.4 -6.6
5 10 12 -1.5 0.92 -6.4 -1.8 1 -1.5 5 4 9 -1.8 -1.5
5 42 13 17.9 0.92 7.2 17.1 1 17.9 5 6 11 17.1 17.9
5 29 14 7.9 0.92 -2.3 7 1 7.9 4 9 13 7 7.9
5 1 15 -0.3 0.96 -2.1 -0.3 1 -0.3 12 9 21 -0.3 -0.3
5 28 16 5.9 0.8 -0.8 4.6 1 5.9 2 3 5 4.6 5.9
5 45 17 2.8 0.8 1 2.2 0 2.2 5 3 8 2.2 2.2
5 26 18 6.4 0.05 -5.3 -4.9 0 -4.9 5 4 9 -4.9 -5.3
5 41 19 18.8 0.8 7.6 15.5 0 15.5 4 6 10 15.5 15.07
5 50 20 5.8 0.04 2.7 2.8 0 2.8 4 5 9 2.8 2.7
5 5 21 -1.7 0.9 -3.9 -1.9 1 -1.7 3 2 5 -1.9 -1.7
5 43 22 22.9 0.06 9.6 9.2 1 9.6 3 4 7 9.2 9.6
5 6 23 -6.3 0.99 -15.7 -6.4 1 -6.3 3 5 8 -6.4 -6.3
5 46 24 17.1 0.1 6.9 8 0 8 3 4 7 8 6.9
5 47 25 24.3 0.04 9.7 10.6 0 10.6 2 2 4 10.6 9.7
5 4 26 -10 0.2 -29.2 -25.6 1 -10 4 2 6 -25.6 -19.6
5 22 27 9.6 0.91 -6.4 8.7 1 9.6 4 4 8 8.7 9.6
5 24 28 9.2 0.05 -9.5 -7.5 0 -7.5 5 5 10 -7.5 -9.5
5 8 29 -0.7 0.1 -6.5 -6 0 -6 5 5 10 -6 -6.5
5 49 30 13.4 0.5 3.8 9.9 1 3.8 4 5 9 9.9 11.48
6 41 1 18.8 0.8 7.6 15.5 1 18.8 4 3 7 15.5 18.8
6 28 2 5.9 0.8 -0.8 4.6 1 -0.8 5 5 10 4.6 5.9
6 2 3 -0.9 0.95 -4.2 -1 1 -0.9 8 7 15 -1 -0.9
6 49 4 13.4 0.5 3.8 9.9 0 9.9 5 8 13 9.9 8.6
6 25 5 7.4 0.02 -6.6 -6.4 0 -6.4 5 7 12 -6.4 -6.6
6 43 6 22.9 0.06 9.6 9.2 1 9.6 12 17 29 9.2 10.38
6 9 7 -5.7 0.95 -16.3 -6.1 1 -5.7 9 11 20 -6.1 -5.7
6 10 8 -1.5 0.92 -6.4 -1.8 1 -1.5 13 12 25 -1.8 -1.5
6 1 9 -0.3 0.96 -2.1 -0.3 0 -0.3 9 7 16 -0.3 -0.3
6 7 10 -5.6 0.7 -20.2 -11.7 1 -5.6 8 14 22 -11.7 -11.86
6 4 11 -10 0.2 -29.2 -25.6 0 -25.6 6 9 15 -25.6 -24.93
6 24 12 9.2 0.05 -9.5 -7.5 0 -7.5 8 7 15 -7.5 -9.5
6 23 13 7.3 0.8 -3.6 5.6 0 5.6 10 19 29 5.6 5.01
6 8 14 -0.7 0.1 -6.5 -6 0 -6 19 9 28 -6 -6.5
6 5 15 -1.7 0.9 -3.9 -1.9 0 -1.9 15 12 27 -1.9 -2.25
6 22 16 9.6 0.91 -6.4 8.7 1 9.6 12 11 23 8.7 9.6
6 45 17 2.8 0.8 1 2.2 0 2.2 6 21 27 2.2 2.37
6 47 18 24.3 0.04 9.7 10.6 0 10.6 11 16 27 10.6 9.7
6 27 19 1.6 0.93 -8.3 1.2 0 1.2 9 11 20 1.2 -0.2
6 30 20 3 0.91 -7.7 1.4 0 1.4 6 13 19 1.4 1.35
6 21 21 2 0.1 -5.7 -4.6 0 -4.6 12 10 22 -4.6 -5.7
6 48 22 18.2 0.98 6.9 18.1 0 18.1 13 10 23 18.1 17.07
6 6 23 -6.3 0.99 -15.7 -6.4 1 -6.3 13 10 23 -6.4 -6.3
6 29 24 7.9 0.92 -2.3 7 0 7 8 10 18 7 6.88
6 3 25 -6.3 0.3 -15.2 -12.2 1 -15.2 7 8 15 -12.2 -11.86
6 42 26 17.9 0.92 7.2 17.1 1 17.9 12 16 28 17.1 17.9
6 46 27 17.1 0.1 6.9 8 0 8 10 11 21 8 7.83
6 26 28 6.4 0.05 -5.3 -4.9 0 -4.9 15 16 31 -4.9 -4.57
6 44 29 10 0.96 1.7 9.9 1 1.7 14 10 24 9.9 10
6 50 30 5.8 0.04 2.7 2.8 0 2.8 8 11 19 2.8 2.7
7 28 1 5.9 0.8 -0.8 4.6 0 4.6 19 15 34 4.6 4.56
7 8 2 -0.7 0.1 -6.5 -6 0 -6 20 25 45 -6 -6.5
7 1 3 -0.3 0.96 -2.1 -0.3 0 -0.3 11 16 27 -0.3 -0.52
7 22 4 9.6 0.91 -6.4 8.7 0 8.7 12 11 23 8.7 6.69
7 7 5 -5.6 0.7 -20.2 -11.7 1 -5.6 11 19 30 -11.7 -7.91
7 29 6 7.9 0.92 -2.3 7 1 7.9 8 15 23 7 7.22
7 41 7 18.8 0.8 7.6 15.5 1 18.8 7 10 17 15.5 17.68
7 47 8 24.3 0.04 9.7 10.6 0 10.6 9 23 32 10.6 10.33
7 9 9 -5.7 0.95 -16.3 -6.1 1 -5.7 9 20 29 -6.1 -5.7
7 5 10 -1.7 0.9 -3.9 -1.9 0 -1.9 8 9 17 -1.9 -2.19
7 27 11 1.6 0.93 -8.3 1.2 1 1.6 10 9 19 1.2 1.6
7 49 12 13.4 0.5 3.8 9.9 0 9.9 8 8 16 9.9 8.6
7 42 13 17.9 0.92 7.2 17.1 1 17.9 5 17 22 17.1 17.27
7 43 14 22.9 0.06 9.6 9.2 1 9.6 5 7 12 9.2 9.6
7 21 15 2 0.1 -5.7 -4.6 0 -4.6 3 5 8 -4.6 -5.7
7 4 16 -10 0.2 -29.2 -25.6 1 -29.2 13 11 24 -25.6 -25.71
7 24 17 9.2 0.05 -9.5 -7.5 0 -7.5 13 23 36 -7.5 -7.87
7 10 18 -1.5 0.92 -6.4 -1.8 1 -1.5 5 6 11 -1.8 -1.5
7 6 19 -6.3 0.99 -15.7 -6.4 1 -6.3 5 7 12 -6.4 -6.3
7 23 20 7.3 0.8 -3.6 5.6 0 5.6 6 6 12 5.6 1.85
7 25 21 7.4 0.02 -6.6 -6.4 0 -6.4 9 15 24 -6.4 -6.6
7 30 22 3 0.91 -7.7 1.4 1 3 2 11 13 1.4 2.03
7 46 23 17.1 0.1 6.9 8 1 6.9 5 8 13 8 9.45
7 2 24 -0.9 0.95 -4.2 -1 0 -1 4 5 9 -1 -2.22
7 45 25 2.8 0.8 1 2.2 0 2.2 3 5 8 2.2 1.72
7 48 26 18.2 0.98 6.9 18.1 1 18.2 3 8 11 18.1 18.2
7 50 27 5.8 0.04 2.7 2.8 1 2.7 4 17 21 2.8 2.88
7 3 28 -6.3 0.3 -15.2 -12.2 1 -15.2 6 7 13 -12.2 -12.66
7 26 29 6.4 0.05 -5.3 -4.9 0 -4.9 4 4 8 -4.9 -5.3
7 44 30 10 0.96 1.7 9.9 0 9.9 5 9 14 9.9 9.08
8 22 1 9.6 0.91 -6.4 8.7 0 8.7 4 3 7 8.7 4.27
8 9 2 -5.7 0.95 -16.3 -6.1 0 -6.1 6 8 14 -6.1 -7.03
8 6 3 -6.3 0.99 -15.7 -6.4 1 -6.3 4 9 13 -6.4 -6.3
8 23 4 7.3 0.8 -3.6 5.6 1 7.3 5 10 15 5.6 5.12
8 21 5 2 0.1 -5.7 -4.6 0 -4.6 5 7 12 -4.6 -4.6
8 41 6 18.8 0.8 7.6 15.5 1 18.8 4 9 13 15.5 16.31
8 1 7 -0.3 0.96 -2.1 -0.3 0 -0.3 7 8 15 -0.3 -0.3
8 48 8 18.2 0.98 6.9 18.1 1 18.2 4 16 20 18.1 18.2
8 24 9 9.2 0.05 -9.5 -7.5 0 -7.5 5 14 19 -7.5 -8.16
8 28 10 5.9 0.8 -0.8 4.6 0 4.6 3 6 9 4.6 0.32
8 4 11 -10 0.2 -29.2 -25.6 1 -10 3 9 12 -25.6 -24.93
8 47 12 24.3 0.04 9.7 10.6 0 10.6 3 14 17 10.6 9.7
8 44 13 10 0.96 1.7 9.9 0 9.9 2 15 17 9.9 9.45
8 10 14 -1.5 0.92 -6.4 -1.8 0 -1.8 3 10 13 -1.8 -1.99
8 45 15 2.8 0.8 1 2.2 1 2.8 3 14 17 2.2 2.67
8 42 16 17.9 0.92 7.2 17.1 0 17.1 3 13 16 17.1 15.43
8 43 17 22.9 0.06 9.6 9.2 1 9.6 1 7 8 9.2 11.5
8 49 18 13.4 0.5 3.8 9.9 0 9.9 2 14 16 9.9 7.91
8 50 19 5.8 0.04 2.7 2.8 0 2.8 3 19 22 2.8 2.7
8 30 20 3 0.91 -7.7 1.4 1 3 5 14 19 1.4 2.24
8 7 21 -5.6 0.7 -20.2 -11.7 0 -11.7 3 15 18 -11.7 -9.49
8 27 22 1.6 0.93 -8.3 1.2 0 1.2 1 16 17 1.2 0.98
8 5 23 -1.7 0.9 -3.9 -1.9 1 -1.7 5 18 23 -1.9 -1.7
8 46 24 17.1 0.1 6.9 8 1 6.9 4 14 18 8 7.63
8 8 25 -0.7 0.1 -6.5 -6 0 -6 3 15 18 -6 -6.5
8 25 26 7.4 0.02 -6.6 -6.4 1 -6.6 1 7 8 -6.4 -4.6
8 29 27 7.9 0.92 -2.3 7 0 7 1 4 5 7 5.35
8 26 28 6.4 0.05 -5.3 -4.9 1 -5.3 4 12 16 -4.9 -3.35
8 2 29 -0.9 0.95 -4.2 -1 1 -0.9 8 26 34 -1 -1.03
8 3 30 -6.3 0.3 -15.2 -12.2 0 -12.2 4 6 10 -12.2 -12.23
9 45 1 2.8 0.8 1 2.2 1 2.8 53 163 216 2.2 2.46
9 28 2 5.9 0.8 -0.8 4.6 1 5.9 7 38 45 4.6 3.26
9 27 3 1.6 0.93 -8.3 1.2 1 1.6 3 5 8 1.2 1.6
9 41 4 18.8 0.8 7.6 15.5 0 15.5 3 8 11 15.5 17.4
9 21 5 2 0.1 -5.7 -4.6 0 -4.6 4 7 11 -4.6 -5.7
9 22 6 9.6 0.91 -6.4 8.7 0 8.7 6 10 16 8.7 8
9 23 7 7.3 0.8 -3.6 5.6 1 7.3 5 11 16 5.6 7.3
9 1 8 -0.3 0.96 -2.1 -0.3 1 -0.3 5 7 12 -0.3 -0.3
9 3 9 -6.3 0.3 -15.2 -12.2 1 -15.2 9 17 26 -12.2 -13.11
9 26 10 6.4 0.05 -5.3 -4.9 0 -4.9 11 69 80 -4.9 -4.28
9 43 11 22.9 0.06 9.6 9.2 1 9.6 6 11 17 9.2 10.81
9 42 12 17.9 0.92 7.2 17.1 1 17.9 4 8 12 17.1 17.9
9 8 13 -0.7 0.1 -6.5 -6 1 -6.5 10 27 37 -6 -6.07
9 5 14 -1.7 0.9 -3.9 -1.9 1 -1.7 5 5 10 -1.9 -1.7
9 25 15 7.4 0.02 -6.6 -6.4 0 -6.4 4 8 12 -6.4 -6.6
9 9 16 -5.7 0.95 -16.3 -6.1 1 -5.7 7 5 12 -6.1 -5.7
9 2 17 -0.9 0.95 -4.2 -1 0 -1 6 11 17 -1 -1.2
9 4 18 -10 0.2 -29.2 -25.6 0 -25.6 7 8 15 -25.6 -29.2
9 47 19 24.3 0.04 9.7 10.6 0 10.6 8 9 17 10.6 9.7
9 29 20 7.9 0.92 -2.3 7 0 7 10 9 19 7 5.63
9 6 21 -6.3 0.99 -15.7 -6.4 1 -6.3 14 13 27 -6.4 -6.3
9 44 22 10 0.96 1.7 9.9 1 10 6 10 16 9.9 10
9 49 23 13.4 0.5 3.8 9.9 0 9.9 6 8 14 9.9 8.6
9 48 24 18.2 0.98 6.9 18.1 1 18.2 5 13 18 18.1 18.2
9 46 25 17.1 0.1 6.9 8 0 8 5 4 9 8 6.9
9 24 26 9.2 0.05 -9.5 -7.5 0 -7.5 4 6 10 -7.5 -9.5
9 10 27 -1.5 0.92 -6.4 -1.8 1 -1.5 6 11 17 -1.8 -1.5
9 7 28 -5.6 0.7 -20.2 -11.7 1 -5.6 7 11 18 -11.7 -8.25
9 30 29 3 0.91 -7.7 1.4 1 3 2 5 7 1.4 3
9 50 30 5.8 0.04 2.7 2.8 0 2.8 2 2 4 2.8 2.7
10 30 1 3 0.91 -7.7 1.4 0 1.4 6 7 13 1.4 1.47
10 43 2 22.9 0.06 9.6 9.2 0 9.2 18 1 19 9.2 9.6
10 22 3 9.6 0.91 -6.4 8.7 1 9.6 1 1 2 8.7 9.6
10 28 4 5.9 0.8 -0.8 4.6 1 5.9 2 1 3 4.6 5.9
10 29 5 7.9 0.92 -2.3 7 0 7 1 1 2 7 7.9
10 10 6 -1.5 0.92 -6.4 -1.8 1 -1.5 1 1 2 -1.8 -1.5
10 50 7 5.8 0.04 2.7 2.8 0 2.8 2 1 3 2.8 2.7
10 27 8 1.6 0.93 -8.3 1.2 1 1.6 1 1 2 1.2 1.6
10 41 9 18.8 0.8 7.6 15.5 0 15.5 1 1 2 15.5 18.8
10 21 10 2 0.1 -5.7 -4.6 0 -4.6 1 1 2 -4.6 -5.7
10 5 11 -1.7 0.9 -3.9 -1.9 1 -1.7 1 2 3 -1.9 -1.7
10 42 12 17.9 0.92 7.2 17.1 0 17.1 1 1 2 17.1 17.9
10 6 13 -6.3 0.99 -15.7 -6.4 1 -6.3 1 1 2 -6.4 -6.3
10 48 14 18.2 0.98 6.9 18.1 0 18.1 1 2 3 18.1 18.2
10 25 15 7.4 0.02 -6.6 -6.4 1 -6.6 1 1 2 -6.4 -6.6
10 9 16 -5.7 0.95 -16.3 -6.1 0 -6.1 1 2 3 -6.1 -5.7
10 44 17 10 0.96 1.7 9.9 0 9.9 2 1 3 9.9 10
10 1 18 -0.3 0.96 -2.1 -0.3 0 -0.3 2 1 3 -0.3 -2.1
10 3 19 -6.3 0.3 -15.2 -12.2 0 -12.2 1 1 2 -12.2 -15.2
10 49 20 13.4 0.5 3.8 9.9 0 9.9 1 1 2 9.9 3.8
10 26 21 6.4 0.05 -5.3 -4.9 0 -4.9 1 1 2 -4.9 -5.3
10 46 22 17.1 0.1 6.9 8 0 8 2 1 3 8 6.9
10 4 23 -10 0.2 -29.2 -25.6 0 -25.6 1 1 2 -25.6 -29.2
10 47 24 24.3 0.04 9.7 10.6 0 10.6 1 1 2 10.6 9.7
10 45 25 2.8 0.8 1 2.2 1 2.8 3 2 5 2.2 2.8
10 7 26 -5.6 0.7 -20.2 -11.7 0 -11.7 1 1 2 -11.7 -20.2
10 2 27 -0.9 0.95 -4.2 -1 0 -1 4 3 7 -1 -2
10 24 28 9.2 0.05 -9.5 -7.5 0 -7.5 3 3 6 -7.5 -9.5
10 23 29 7.3 0.8 -3.6 5.6 1 -3.6 3 3 6 5.6 7.3
10 8 30 -0.7 0.1 -6.5 -6 1 -6.5 2 4 6 -6 -3.6
11 27 1 1.6 0.93 -8.3 1.2 1 1.6 2 9 11 1.2 1.6
11 6 2 -6.3 0.99 -15.7 -6.4 1 -6.3 3 4 7 -6.4 -6.3
11 28 3 5.9 0.8 -0.8 4.6 1 5.9 1 1 2 4.6 5.9
11 23 4 7.3 0.8 -3.6 5.6 1 7.3 1 1 2 5.6 7.3
11 5 5 -1.7 0.9 -3.9 -1.9 1 -1.7 1 1 2 -1.9 -1.7
11 7 6 -5.6 0.7 -20.2 -11.7 1 -20.2 1 3 4 -11.7 -5.6
11 47 7 24.3 0.04 9.7 10.6 1 9.7 1 1 2 10.6 9.7
11 43 8 22.9 0.06 9.6 9.2 1 9.6 1 1 2 9.2 9.6
11 21 9 2 0.1 -5.7 -4.6 0 -4.6 2 1 3 -4.6 -5.7
11 24 10 9.2 0.05 -9.5 -7.5 0 -7.5 1 1 2 -7.5 -9.5
11 4 11 -10 0.2 -29.2 -25.6 0 -25.6 1 1 2 -25.6 -29.2
11 3 12 -6.3 0.3 -15.2 -12.2 0 -12.2 1 1 2 -12.2 -15.2
11 25 13 7.4 0.02 -6.6 -6.4 0 -6.4 5 4 9 -6.4 -6.6
11 22 14 9.6 0.91 -6.4 8.7 1 9.6 1 1 2 8.7 9.6
11 50 15 5.8 0.04 2.7 2.8 0 2.8 1 2 3 2.8 2.7
11 2 16 -0.9 0.95 -4.2 -1 1 -0.9 1 1 2 -1 -0.9
11 30 17 3 0.91 -7.7 1.4 1 3 2 4 6 1.4 3
11 44 18 10 0.96 1.7 9.9 0 9.9 1 1 2 9.9 10
11 29 19 7.9 0.92 -2.3 7 1 7.9 1 1 2 7 7.9
11 45 20 2.8 0.8 1 2.2 1 2.8 1 1 2 2.2 2.8
11 49 21 13.4 0.5 3.8 9.9 1 3.8 1 1 2 9.9 13.4
11 48 22 18.2 0.98 6.9 18.1 1 18.2 1 1 2 18.1 18.2
11 42 23 17.9 0.92 7.2 17.1 1 7.2 2 3 5 17.1 17.9
11 10 24 -1.5 0.92 -6.4 -1.8 1 -6.4 1 1 2 -1.8 -1.5
11 26 25 6.4 0.05 -5.3 -4.9 1 6.4 1 2 3 -4.9 0.55
11 8 26 -0.7 0.1 -6.5 -6 0 -6 5 5 10 -6 -5.34
11 41 27 18.8 0.8 7.6 15.5 1 18.8 1 1 2 15.5 18.8
11 9 28 -5.7 0.95 -16.3 -6.1 0 -6.1 2 3 5 -6.1 -9.23
11 46 29 17.1 0.1 6.9 8 0 8 4 1 5 8 6.9
11 1 30 -0.3 0.96 -2.1 -0.3 0 -0.3 1 1 2 -0.3 -0.3
12 28 1 5.9 0.8 -0.8 4.6 1 5.9 4 4 8 4.6 5.9
12 47 2 24.3 0.04 9.7 10.6 0 10.6 7 6 13 10.6 9.7
12 4 3 -10 0.2 -29.2 -25.6 0 -25.6 7 8 15 -25.6 -24.4
12 50 4 5.8 0.04 2.7 2.8 1 2.7 5 8 13 2.8 3.47
12 3 5 -6.3 0.3 -15.2 -12.2 1 -15.2 6 6 12 -12.2 -10.75
12 29 6 7.9 0.92 -2.3 7 0 7 7 6 13 7 6.2
12 10 7 -1.5 0.92 -6.4 -1.8 1 -1.5 5 7 12 -1.8 -1.5
12 22 8 9.6 0.91 -6.4 8.7 0 8.7 7 6 13 8.7 6.93
12 30 9 3 0.91 -7.7 1.4 1 3 3 6 9 1.4 3
12 25 10 7.4 0.02 -6.6 -6.4 0 -6.4 7 4 11 -6.4 -6.6
12 8 11 -0.7 0.1 -6.5 -6 0 -6 4 6 10 -6 -6.5
12 23 12 7.3 0.8 -3.6 5.6 0 5.6 4 4 8 5.6 1.85
12 42 13 17.9 0.92 7.2 17.1 0 17.1 12 10 22 17.1 15.76
12 24 14 9.2 0.05 -9.5 -7.5 0 -7.5 11 13 24 -7.5 -9.5
12 44 15 10 0.96 1.7 9.9 1 10 10 12 22 9.9 10
12 1 16 -0.3 0.96 -2.1 -0.3 0 -0.3 6 5 11 -0.3 -0.3
12 6 17 -6.3 0.99 -15.7 -6.4 1 -6.3 10 14 24 -6.4 -6.3
12 21 18 2 0.1 -5.7 -4.6 0 -4.6 6 4 10 -4.6 -5.7
12 7 19 -5.6 0.7 -20.2 -11.7 0 -11.7 5 10 15 -11.7 -9.98
12 26 20 6.4 0.05 -5.3 -4.9 1 -5.3 6 5 11 -4.9 -0.62
12 2 21 -0.9 0.95 -4.2 -1 1 -0.9 2 3 5 -1 -0.9
12 27 22 1.6 0.93 -8.3 1.2 1 1.6 2 3 5 1.2 1.6
12 41 23 18.8 0.8 7.6 15.5 0 15.5 5 5 10 15.5 16.56
12 45 24 2.8 0.8 1 2.2 1 2.8 1 2 3 2.2 2.8
12 48 25 18.2 0.98 6.9 18.1 0 18.1 9 4 13 18.1 18.2
12 49 26 13.4 0.5 3.8 9.9 0 9.9 3 5 8 9.9 11.48
12 46 27 17.1 0.1 6.9 8 0 8 3 3 6 8 10.3
12 9 28 -5.7 0.95 -16.3 -6.1 1 -5.7 2 4 6 -6.1 -5.7
12 5 29 -1.7 0.9 -3.9 -1.9 1 -1.7 1 1 2 -1.9 -1.7
12 43 30 22.9 0.06 9.6 9.2 1 9.6 3 5 8 9.2 9.6
13 23 1 7.3 0.8 -3.6 5.6 1 7.3 11 20 31 5.6 4.57
13 45 2 2.8 0.8 1 2.2 1 1 5 21 26 2.2 2.11
13 9 3 -5.7 0.95 -16.3 -6.1 0 -6.1 10 14 24 -6.1 -5.7
13 41 4 18.8 0.8 7.6 15.5 1 18.8 5 25 30 15.5 17.46
13 28 5 5.9 0.8 -0.8 4.6 1 5.9 4 19 23 4.6 4.49
13 5 6 -1.7 0.9 -3.9 -1.9 1 -1.7 5 7 12 -1.9 -1.7
13 47 7 24.3 0.04 9.7 10.6 1 9.7 5 10 15 10.6 9.7
13 29 8 7.9 0.92 -2.3 7 1 7.9 4 14 18 7 6.44
13 2 9 -0.9 0.95 -4.2 -1 0 -1 6 10 16 -1 -1.56
13 46 10 17.1 0.1 6.9 8 0 8 4 38 42 8 7.71
13 48 11 18.2 0.98 6.9 18.1 0 18.1 4 4 8 18.1 15.38
13 26 12 6.4 0.05 -5.3 -4.9 0 -4.9 4 7 11 -4.9 -5.3
13 25 13 7.4 0.02 -6.6 -6.4 0 -6.4 5 8 13 -6.4 -6.6
13 4 14 -10 0.2 -29.2 -25.6 1 -29.2 4 24 28 -25.6 -22.8
13 49 15 13.4 0.5 3.8 9.9 1 13.4 3 14 17 9.9 11.34
13 1 16 -0.3 0.96 -2.1 -0.3 0 -0.3 7 13 20 -0.3 -0.44
13 21 17 2 0.1 -5.7 -4.6 0 -4.6 3 22 25 -4.6 -5.35
13 8 18 -0.7 0.1 -6.5 -6 0 -6 5 10 15 -6 -6.5
13 10 19 -1.5 0.92 -6.4 -1.8 1 -1.5 4 42 46 -1.8 -2.08
13 42 20 17.9 0.92 7.2 17.1 1 17.9 9 17 26 17.1 16.01
13 44 21 10 0.96 1.7 9.9 1 10 6 11 17 9.9 10
13 43 22 22.9 0.06 9.6 9.2 1 9.6 4 22 26 9.2 11.41
13 27 23 1.6 0.93 -8.3 1.2 1 1.6 7 10 17 1.2 1.6
13 50 24 5.8 0.04 2.7 2.8 0 2.8 5 6 11 2.8 2.7
13 7 25 -5.6 0.7 -20.2 -11.7 1 -5.6 4 22 26 -11.7 -11.57
13 30 26 3 0.91 -7.7 1.4 0 1.4 8 20 28 1.4 0.86
13 24 27 9.2 0.05 -9.5 -7.5 0 -7.5 3 8 11 -7.5 -9.5
13 3 28 -6.3 0.3 -15.2 -12.2 1 -15.2 5 37 42 -12.2 -12.79
13 6 29 -6.3 0.99 -15.7 -6.4 1 -6.3 5 5 10 -6.4 -6.3
13 22 30 9.6 0.91 -6.4 8.7 1 9.6 4 9 13 8.7 9.6
14 10 1 -1.5 0.92 -6.4 -1.8 1 -1.5 10 16 26 -1.8 -2.11
14 6 2 -6.3 0.99 -15.7 -6.4 1 -6.3 9 9 18 -6.4 -6.3
14 46 3 17.1 0.1 6.9 8 0 8 6 4 10 8 6.9
14 9 4 -5.7 0.95 -16.3 -6.1 1 -5.7 6 6 12 -6.1 -5.7
14 24 5 9.2 0.05 -9.5 -7.5 0 -7.5 14 37 51 -7.5 -8.49
14 3 6 -6.3 0.3 -15.2 -12.2 1 -15.2 10 25 35 -12.2 -11.28
14 43 7 22.9 0.06 9.6 9.2 1 9.6 2 2 4 9.2 9.6
14 2 8 -0.9 0.95 -4.2 -1 1 -0.9 3 4 7 -1 -0.9
14 41 9 18.8 0.8 7.6 15.5 0 15.5 3 2 5 15.5 7.6
14 29 10 7.9 0.92 -2.3 7 1 7.9 2 3 5 7 7.9
14 22 11 9.6 0.91 -6.4 8.7 1 9.6 2 3 5 8.7 9.6
14 50 12 5.8 0.04 2.7 2.8 0 2.8 2 2 4 2.8 2.7
14 5 13 -1.7 0.9 -3.9 -1.9 1 -1.7 3 3 6 -1.9 -1.7
14 25 14 7.4 0.02 -6.6 -6.4 0 -6.4 3 3 6 -6.4 -6.6
14 44 15 10 0.96 1.7 9.9 1 10 2 3 5 9.9 10
14 48 16 18.2 0.98 6.9 18.1 1 18.2 1 1 2 18.1 18.2
14 21 17 2 0.1 -5.7 -4.6 0 -4.6 1 2 3 -4.6 -5.7
14 49 18 13.4 0.5 3.8 9.9 1 13.4 1 1 2 9.9 13.4
14 8 19 -0.7 0.1 -6.5 -6 0 -6 2 2 4 -6 -6.5
14 1 20 -0.3 0.96 -2.1 -0.3 0 -0.3 2 2 4 -0.3 -0.3
14 47 21 24.3 0.04 9.7 10.6 0 10.6 1 1 2 10.6 9.7
14 23 22 7.3 0.8 -3.6 5.6 0 5.6 1 1 2 5.6 -3.6
14 26 23 6.4 0.05 -5.3 -4.9 0 -4.9 2 2 4 -4.9 -5.3
14 30 24 3 0.91 -7.7 1.4 1 3 1 1 2 1.4 3
14 7 25 -5.6 0.7 -20.2 -11.7 1 -20.2 1 1 2 -11.7 -5.6
14 27 26 1.6 0.93 -8.3 1.2 1 1.6 1 1 2 1.2 1.6
14 28 27 5.9 0.8 -0.8 4.6 1 -0.8 1 1 2 4.6 5.9
14 42 28 17.9 0.92 7.2 17.1 1 17.9 1 1 2 17.1 17.9
14 45 29 2.8 0.8 1 2.2 0 2.2 1 1 2 2.2 1
14 4 30 -10 0.2 -29.2 -25.6 0 -25.6 1 1 2 -25.6 -29.2
15 29 1 7.9 0.92 -2.3 7 1 7.9 10 28 38 7 6.08
15 44 2 10 0.96 1.7 9.9 1 10 2 3 5 9.9 10
15 24 3 9.2 0.05 -9.5 -7.5 0 -7.5 15 11 26 -7.5 -9.5
15 30 4 3 0.91 -7.7 1.4 0 1.4 16 9 25 1.4 0.62
15 49 5 13.4 0.5 3.8 9.9 0 9.9 19 10 29 9.9 7.64
15 41 6 18.8 0.8 7.6 15.5 1 18.8 3 8 11 15.5 16
15 50 7 5.8 0.04 2.7 2.8 0 2.8 17 2 19 2.8 2.7
15 8 8 -0.7 0.1 -6.5 -6 0 -6 14 6 20 -6 -6.5
15 7 9 -5.6 0.7 -20.2 -11.7 0 -11.7 6 12 18 -11.7 -10.47
15 2 10 -0.9 0.95 -4.2 -1 0 -1 3 11 14 -1 -1.2
15 43 11 22.9 0.06 9.6 9.2 1 9.6 9 9 18 9.2 11.08
15 27 12 1.6 0.93 -8.3 1.2 1 1.6 1 8 9 1.2 1.6
15 23 13 7.3 0.8 -3.6 5.6 1 7.3 1 3 4 5.6 7.3
15 9 14 -5.7 0.95 -16.3 -6.1 1 -5.7 1 12 13 -6.1 -5.7
15 1 15 -0.3 0.96 -2.1 -0.3 1 -0.3 5 4 9 -0.3 -0.3
15 28 16 5.9 0.8 -0.8 4.6 1 5.9 2 6 8 4.6 4.78
15 42 17 17.9 0.92 7.2 17.1 1 17.9 1 10 11 17.1 16.83
15 6 18 -6.3 0.99 -15.7 -6.4 1 -6.3 1 9 10 -6.4 -6.3
15 47 19 24.3 0.04 9.7 10.6 0 10.6 6 1 7 10.6 9.7
15 5 20 -1.7 0.9 -3.9 -1.9 1 -3.9 1 6 7 -1.9 -1.7
15 46 21 17.1 0.1 6.9 8 0 8 1 1 2 8 6.9
15 3 22 -6.3 0.3 -15.2 -12.2 0 -12.2 2 1 3 -12.2 -15.2
15 26 23 6.4 0.05 -5.3 -4.9 0 -4.9 1 1 2 -4.9 -5.3
15 25 24 7.4 0.02 -6.6 -6.4 0 -6.4 1 1 2 -6.4 -6.6
15 4 25 -10 0.2 -29.2 -25.6 0 -25.6 1 1 2 -25.6 -29.2
15 45 26 2.8 0.8 1 2.2 0 2.2 2 1 3 2.2 1
15 10 27 -1.5 0.92 -6.4 -1.8 1 -1.5 1 1 2 -1.8 -1.5
15 22 28 9.6 0.91 -6.4 8.7 1 9.6 1 1 2 8.7 9.6
15 21 29 2 0.1 -5.7 -4.6 0 -4.6 1 1 2 -4.6 -5.7
15 48 30 18.2 0.98 6.9 18.1 1 18.2 1 1 2 18.1 18.2
16 41 1 18.8 0.8 7.6 15.5 1 7.6 1 5 6 15.5 16.56
16 5 2 -1.7 0.9 -3.9 -1.9 1 -3.9 3 9 12 -1.9 -2.19
16 22 3 9.6 0.91 -6.4 8.7 1 -6.4 1 9 10 8.7 9.6
16 48 4 18.2 0.98 6.9 18.1 1 18.2 1 16 17 18.1 18.2
16 24 5 9.2 0.05 -9.5 -7.5 1 -9.5 1 1 2 -7.5 -9.5
16 9 6 -5.7 0.95 -16.3 -6.1 1 -5.7 1 1 2 -6.1 -5.7
16 3 7 -6.3 0.3 -15.2 -12.2 1 -15.2 2 2 4 -12.2 -15.2
16 7 8 -5.6 0.7 -20.2 -11.7 1 -20.2 1 1 2 -11.7 -20.2
16 2 9 -0.9 0.95 -4.2 -1 1 -0.9 1 1 2 -1 -0.9
16 47 10 24.3 0.04 9.7 10.6 1 9.7 4 8 12 10.6 9.7
16 21 11 2 0.1 -5.7 -4.6 1 -5.7 1 1 2 -4.6 -5.7
16 10 12 -1.5 0.92 -6.4 -1.8 1 -1.5 1 1 2 -1.8 -1.5
16 27 13 1.6 0.93 -8.3 1.2 0 1.2 1 2 3 1.2 1.6
16 42 14 17.9 0.92 7.2 17.1 1 17.9 1 2 3 17.1 17.9
16 4 15 -10 0.2 -29.2 -25.6 0 -25.6 1 1 2 -25.6 -29.2
16 46 16 17.1 0.1 6.9 8 0 8 1 2 3 8 6.9
16 25 17 7.4 0.02 -6.6 -6.4 0 -6.4 1 1 2 -6.4 -6.6
16 44 18 10 0.96 1.7 9.9 1 10 1 1 2 9.9 10
16 50 19 5.8 0.04 2.7 2.8 0 2.8 1 1 2 2.8 2.7
16 6 20 -6.3 0.99 -15.7 -6.4 0 -6.4 1 1 2 -6.4 -6.3
16 23 21 7.3 0.8 -3.6 5.6 1 7.3 1 1 2 5.6 7.3
16 45 22 2.8 0.8 1 2.2 1 2.8 1 1 2 2.2 2.8
16 49 23 13.4 0.5 3.8 9.9 1 13.4 1 1 2 9.9 13.4
16 43 24 22.9 0.06 9.6 9.2 1 9.6 1 1 2 9.2 9.6
16 28 25 5.9 0.8 -0.8 4.6 0 4.6 1 1 2 4.6 -0.8
16 29 26 7.9 0.92 -2.3 7 1 7.9 1 1 2 7 7.9
16 1 27 -0.3 0.96 -2.1 -0.3 0 -0.3 2 2 4 -0.3 -0.3
16 26 28 6.4 0.05 -5.3 -4.9 0 -4.9 1 1 2 -4.9 -5.3
16 30 29 3 0.91 -7.7 1.4 1 3 1 1 2 1.4 3
16 8 30 -0.7 0.1 -6.5 -6 0 -6 1 1 2 -6 -6.5
17 22 1 9.6 0.91 -6.4 8.7 1 -6.4 2 2 4 8.7 9.6
17 30 2 3 0.91 -7.7 1.4 1 -7.7 4 4 8 1.4 3
17 10 3 -1.5 0.92 -6.4 -1.8 1 -1.5 2 2 4 -1.8 -1.5
17 50 4 5.8 0.04 2.7 2.8 0 2.8 2 2 4 2.8 2.7
17 49 5 13.4 0.5 3.8 9.9 1 13.4 1 1 2 9.9 13.4
17 28 6 5.9 0.8 -0.8 4.6 0 4.6 1 1 2 4.6 -0.8
17 24 7 9.2 0.05 -9.5 -7.5 0 -7.5 2 2 4 -7.5 -9.5
17 7 8 -5.6 0.7 -20.2 -11.7 1 -5.6 1 1 2 -11.7 -5.6
17 9 9 -5.7 0.95 -16.3 -6.1 1 -5.7 2 3 5 -6.1 -5.7
17 45 10 2.8 0.8 1 2.2 1 2.8 1 1 2 2.2 2.8
17 1 11 -0.3 0.96 -2.1 -0.3 0 -0.3 4 3 7 -0.3 -0.9
17 25 12 7.4 0.02 -6.6 -6.4 0 -6.4 2 2 4 -6.4 -6.6
17 4 13 -10 0.2 -29.2 -25.6 0 -25.6 3 3 6 -25.6 -29.2
17 43 14 22.9 0.06 9.6 9.2 1 9.6 1 1 2 9.2 9.6
17 46 15 17.1 0.1 6.9 8 0 8 1 1 2 8 6.9
17 41 16 18.8 0.8 7.6 15.5 1 18.8 1 1 2 15.5 18.8
17 48 17 18.2 0.98 6.9 18.1 1 18.2 1 1 2 18.1 18.2
17 8 18 -0.7 0.1 -6.5 -6 0 -6 1 1 2 -6 -6.5
17 23 19 7.3 0.8 -3.6 5.6 1 7.3 1 1 2 5.6 7.3
17 21 20 2 0.1 -5.7 -4.6 0 -4.6 2 2 4 -4.6 -5.7
17 27 21 1.6 0.93 -8.3 1.2 1 1.6 4 4 8 1.2 1.6
17 29 22 7.9 0.92 -2.3 7 1 7.9 1 1 2 7 7.9
17 47 23 24.3 0.04 9.7 10.6 0 10.6 1 1 2 10.6 9.7
17 3 24 -6.3 0.3 -15.2 -12.2 1 -15.2 7 5 12 -12.2 -9.86
17 26 25 6.4 0.05 -5.3 -4.9 0 -4.9 8 28 36 -4.9 -4.88
17 2 26 -0.9 0.95 -4.2 -1 1 -0.9 3 3 6 -1 -0.9
17 44 27 10 0.96 1.7 9.9 1 10 2 2 4 9.9 10
17 5 28 -1.7 0.9 -3.9 -1.9 1 -1.7 1 1 2 -1.9 -1.7
17 42 29 17.9 0.92 7.2 17.1 1 17.9 1 1 2 17.1 17.9
17 6 30 -6.3 0.99 -15.7 -6.4 1 -6.3 2 2 4 -6.4 -6.3
18 28 1 5.9 0.8 -0.8 4.6 1 5.9 2 2 4 4.6 5.9
18 2 2 -0.9 0.95 -4.2 -1 0 -1 3 4 7 -1 -1.73
18 10 3 -1.5 0.92 -6.4 -1.8 1 -1.5 3 3 6 -1.8 -1.5
18 21 4 2 0.1 -5.7 -4.6 0 -4.6 4 3 7 -4.6 -5.7
18 43 5 22.9 0.06 9.6 9.2 1 9.6 3 3 6 9.2 9.6
18 1 6 -0.3 0.96 -2.1 -0.3 1 -0.3 3 3 6 -0.3 -0.3
18 29 7 7.9 0.92 -2.3 7 1 7.9 3 3 6 7 7.9
18 27 8 1.6 0.93 -8.3 1.2 0 1.2 2 3 5 1.2 -1.7
18 3 9 -6.3 0.3 -15.2 -12.2 0 -12.2 3 11 14 -12.2 -8.73
18 45 10 2.8 0.8 1 2.2 1 2.8 2 2 4 2.2 2.8
18 49 11 13.4 0.5 3.8 9.9 0 9.9 2 3 5 9.9 10.2
18 42 12 17.9 0.92 7.2 17.1 1 17.9 3 3 6 17.1 17.9
18 22 13 9.6 0.91 -6.4 8.7 1 9.6 3 3 6 8.7 9.6
18 41 14 18.8 0.8 7.6 15.5 0 15.5 3 3 6 15.5 15.07
18 50 15 5.8 0.04 2.7 2.8 0 2.8 5 4 9 2.8 2.7
18 7 16 -5.6 0.7 -20.2 -11.7 0 -11.7 3 3 6 -11.7 -15.33
18 23 17 7.3 0.8 -3.6 5.6 1 7.3 3 5 8 5.6 7.3
18 25 18 7.4 0.02 -6.6 -6.4 0 -6.4 4 4 8 -6.4 -6.6
18 47 19 24.3 0.04 9.7 10.6 0 10.6 3 3 6 10.6 9.7
18 4 20 -10 0.2 -29.2 -25.6 0 -25.6 4 10 14 -25.6 -23.44
18 8 21 -0.7 0.1 -6.5 -6 0 -6 3 3 6 -6 -6.5
18 46 22 17.1 0.1 6.9 8 0 8 3 3 6 8 6.9
18 5 23 -1.7 0.9 -3.9 -1.9 1 -1.7 3 3 6 -1.9 -1.7
18 48 24 18.2 0.98 6.9 18.1 1 18.2 4 4 8 18.1 18.2
18 6 25 -6.3 0.99 -15.7 -6.4 1 -6.3 3 3 6 -6.4 -6.3
18 26 26 6.4 0.05 -5.3 -4.9 0 -4.9 3 3 6 -4.9 -5.3
18 30 27 3 0.91 -7.7 1.4 1 3 2 3 5 1.4 3
18 24 28 9.2 0.05 -9.5 -7.5 0 -7.5 4 4 8 -7.5 -9.5
18 9 29 -5.7 0.95 -16.3 -6.1 1 -5.7 2 3 5 -6.1 -5.7
18 44 30 10 0.96 1.7 9.9 1 10 3 5 8 9.9 10
19 24 1 9.2 0.05 -9.5 -7.5 0 -7.5 6 6 12 -7.5 -9.5
19 5 2 -1.7 0.9 -3.9 -1.9 0 -1.9 9 8 17 -1.9 -2.25
19 44 3 10 0.96 1.7 9.9 1 10 13 11 24 9.9 10
19 9 4 -5.7 0.95 -16.3 -6.1 0 -6.1 7 11 18 -6.1 -6.66
19 8 5 -0.7 0.1 -6.5 -6 0 -6 12 10 22 -6 -5.92
19 49 6 13.4 0.5 3.8 9.9 0 9.9 4 8 12 9.9 7.4
19 50 7 5.8 0.04 2.7 2.8 0 2.8 9 9 18 2.8 2.7
19 47 8 24.3 0.04 9.7 10.6 0 10.6 12 14 26 10.6 10.74
19 6 9 -6.3 0.99 -15.7 -6.4 0 -6.4 2 3 5 -6.4 -9.43
19 1 10 -0.3 0.96 -2.1 -0.3 0 -0.3 7 9 16 -0.3 -0.5
19 7 11 -5.6 0.7 -20.2 -11.7 0 -11.7 7 6 13 -11.7 -15.33
19 4 12 -10 0.2 -29.2 -25.6 0 -25.6 4 7 11 -25.6 -29.2
19 41 13 18.8 0.8 7.6 15.5 0 15.5 4 6 10 15.5 16.93
19 27 14 1.6 0.93 -8.3 1.2 1 1.6 3 7 10 1.2 1.6
19 30 15 3 0.91 -7.7 1.4 1 3 4 10 14 1.4 3
19 25 16 7.4 0.02 -6.6 -6.4 0 -6.4 4 9 13 -6.4 -6.6
19 29 17 7.9 0.92 -2.3 7 0 7 2 6 8 7 4.5
19 28 18 5.9 0.8 -0.8 4.6 1 5.9 2 6 8 4.6 5.9
19 45 19 2.8 0.8 1 2.2 1 2.8 4 6 10 2.2 2.5
19 23 20 7.3 0.8 -3.6 5.6 0 5.6 2 4 6 5.6 4.58
19 48 21 18.2 0.98 6.9 18.1 1 18.2 3 5 8 18.1 18.2
19 43 22 22.9 0.06 9.6 9.2 1 22.9 2 6 8 9.2 14.03
19 42 23 17.9 0.92 7.2 17.1 0 17.1 1 5 6 17.1 15.76
19 22 24 9.6 0.91 -6.4 8.7 0 8.7 3 8 11 8.7 7.6
19 3 25 -6.3 0.3 -15.2 -12.2 0 -12.2 2 9 11 -12.2 -15.2
19 46 26 17.1 0.1 6.9 8 1 6.9 2 6 8 8 8.6
19 10 27 -1.5 0.92 -6.4 -1.8 1 -6.4 1 14 15 -1.8 -1.85
19 2 28 -0.9 0.95 -4.2 -1 0 -1 1 5 6 -1 -0.9
19 21 29 2 0.1 -5.7 -4.6 1 -5.7 5 7 12 -4.6 -3.5
19 26 30 6.4 0.05 -5.3 -4.9 0 -4.9 1 11 12 -4.9 -5.3
20 45 1 2.8 0.8 1 2.2 0 2.2 2 2 4 2.2 2.8
20 6 2 -6.3 0.99 -15.7 -6.4 0 -6.4 1 1 2 -6.4 -6.3
20 30 3 3 0.91 -7.7 1.4 0 1.4 1 1 2 1.4 3
20 47 4 24.3 0.04 9.7 10.6 0 10.6 2 2 4 10.6 9.7
20 8 5 -0.7 0.1 -6.5 -6 0 -6 1 1 2 -6 -6.5
20 25 6 7.4 0.02 -6.6 -6.4 0 -6.4 1 1 2 -6.4 -6.6
20 5 7 -1.7 0.9 -3.9 -1.9 1 -1.7 1 1 2 -1.9 -1.7
20 28 8 5.9 0.8 -0.8 4.6 0 4.6 1 1 2 4.6 5.9
20 48 9 18.2 0.98 6.9 18.1 1 18.2 2 2 4 18.1 18.2
20 3 10 -6.3 0.3 -15.2 -12.2 0 -12.2 2 1 3 -12.2 -6.3
20 26 11 6.4 0.05 -5.3 -4.9 0 -4.9 1 1 2 -4.9 -5.3
20 49 12 13.4 0.5 3.8 9.9 0 9.9 1 1 2 9.9 3.8
20 1 13 -0.3 0.96 -2.1 -0.3 0 -0.3 1 1 2 -0.3 -0.3
20 23 14 7.3 0.8 -3.6 5.6 1 -3.6 1 1 2 5.6 7.3
20 46 15 17.1 0.1 6.9 8 0 8 1 1 2 8 6.9
20 27 16 1.6 0.93 -8.3 1.2 0 1.2 1 1 2 1.2 1.6
20 50 17 5.8 0.04 2.7 2.8 1 2.7 1 1 2 2.8 2.7
20 42 18 17.9 0.92 7.2 17.1 1 17.9 1 1 2 17.1 17.9
20 7 19 -5.6 0.7 -20.2 -11.7 0 -11.7 1 1 2 -11.7 -20.2
20 9 20 -5.7 0.95 -16.3 -6.1 0 -6.1 1 1 2 -6.1 -16.3
20 10 21 -1.5 0.92 -6.4 -1.8 1 -1.5 1 1 2 -1.8 -1.5
20 43 22 22.9 0.06 9.6 9.2 0 9.2 1 1 2 9.2 9.6
20 24 23 9.2 0.05 -9.5 -7.5 0 -7.5 1 2 3 -7.5 -9.5
20 4 24 -10 0.2 -29.2 -25.6 0 -25.6 1 1 2 -25.6 -29.2
20 44 25 10 0.96 1.7 9.9 0 9.9 1 1 2 9.9 10
20 2 26 -0.9 0.95 -4.2 -1 0 -1 1 1 2 -1 -0.9
20 22 27 9.6 0.91 -6.4 8.7 1 -6.4 1 1 2 8.7 9.6
20 41 28 18.8 0.8 7.6 15.5 1 7.6 1 1 2 15.5 7.6
20 21 29 2 0.1 -5.7 -4.6 1 -5.7 1 1 2 -4.6 -5.7
20 29 30 7.9 0.92 -2.3 7 0 7 1 1 2 7 7.9

