"subject" "problem" "trial" "option" "outcome"
"1" 1 3 1 0 -3
"2" 1 3 2 0 -3
"3" 1 3 3 0 -3
"4" 1 3 4 0 -3
"5" 1 3 5 0 -3
"6" 1 3 6 0 -3
"7" 1 3 7 0 -3
"8" 1 3 8 0 -3
"9" 1 3 9 0 -3
"10" 1 3 10 0 -3
"11" 1 3 11 0 -3
"12" 1 3 12 0 -3
"13" 1 3 13 0 -3
"14" 1 3 14 0 -3
"15" 1 3 15 0 -3
"16" 1 3 16 1 0
"17" 1 3 17 1 0
"18" 1 3 18 1 0
"19" 1 6 1 1 3
"20" 1 6 2 1 3
"21" 1 6 3 1 3
"22" 1 6 4 0 0
"23" 1 6 5 0 0
"24" 1 6 6 0 0
"25" 1 6 7 0 0
"26" 1 6 8 0 0
"27" 1 6 9 1 0
"28" 1 6 10 1 0
"29" 1 6 11 0 0
"30" 1 6 12 1 0
"31" 1 6 13 0 0
"32" 1 6 14 1 0
"33" 1 6 15 0 0
"34" 1 6 16 1 0
"35" 1 6 17 0 0
"36" 1 6 18 0 0
"37" 1 6 19 0 0
"38" 1 6 20 0 0
"39" 1 6 21 0 0
"40" 1 6 22 0 0
"41" 1 6 23 0 0
"42" 1 6 24 0 0
"43" 1 6 25 1 0
"44" 1 6 26 1 0
"45" 1 6 27 0 0
"46" 1 6 28 1 3
"47" 1 6 29 0 0
"48" 1 6 30 0 0
"49" 1 6 31 1 0
"50" 1 6 32 0 0
"51" 1 6 33 0 0
"52" 1 6 34 0 0
"53" 1 6 35 1 0
"54" 1 6 36 1 0
"55" 1 6 37 1 3
"56" 1 6 38 0 0
"57" 1 6 39 0 0
"58" 1 6 40 0 0
"59" 1 6 41 0 0
"60" 1 6 42 1 0
"61" 1 6 43 1 0
"62" 1 6 44 1 0
"63" 1 6 45 0 0
"64" 1 6 46 0 0
"65" 1 6 47 1 0
"66" 1 5 1 0 0
"67" 1 5 2 0 0
"68" 1 5 3 0 0
"69" 1 5 4 0 32
"70" 1 5 5 0 0
"71" 1 5 6 0 0
"72" 1 5 7 0 0
"73" 1 5 8 0 0
"74" 1 5 9 0 32
"75" 1 5 10 0 32
"76" 1 5 11 0 32
"77" 1 5 12 0 0
"78" 1 5 13 0 0
"79" 1 5 14 0 0
"80" 1 5 15 0 0
"81" 1 5 16 0 0
"82" 1 5 17 0 0
"83" 1 5 18 0 0
"84" 1 5 19 1 3
"85" 1 5 20 1 3
"86" 1 5 21 1 3
"87" 1 5 22 1 3
"88" 1 5 23 1 3
"89" 1 5 24 1 3
"90" 1 2 1 0 0
"91" 1 2 2 0 4
"92" 1 2 3 0 0
"93" 1 2 4 0 0
"94" 1 2 5 0 0
"95" 1 2 6 0 4
"96" 1 2 7 0 4
"97" 1 2 8 0 0
"98" 1 2 9 0 0
"99" 1 2 10 0 0
"100" 1 2 11 0 0
"101" 1 2 12 0 0
"102" 1 2 13 0 0
"103" 1 2 14 0 0
"104" 1 2 15 0 0
"105" 1 2 16 0 0
"106" 1 2 17 0 0
"107" 1 2 18 0 4
"108" 1 2 19 1 0
"109" 1 2 20 1 0
"110" 1 2 21 1 0
"111" 1 2 22 1 0
"112" 1 2 23 1 0
"113" 1 2 24 1 0
"114" 1 2 25 1 3
"115" 1 2 26 1 0
"116" 1 2 27 1 0
"117" 1 2 28 1 0
"118" 1 2 29 1 0
"119" 1 2 30 1 0
"120" 1 2 31 1 0
"121" 1 2 32 1 0
"122" 1 2 33 1 3
"123" 1 2 34 1 3
"124" 1 2 35 1 3
"125" 1 2 36 1 0
"126" 1 2 37 1 0
"127" 1 2 38 0 0
"128" 1 4 1 0 -3
"129" 1 4 2 0 -3
"130" 1 4 3 0 -3
"131" 1 4 4 0 -3
"132" 1 4 5 0 -3
"133" 1 4 6 0 -3
"134" 1 4 7 0 -3
"135" 1 4 8 0 -3
"136" 1 4 9 1 -4
"137" 1 4 10 1 0
"138" 1 4 11 1 -4
"139" 1 4 12 1 -4
"140" 1 4 13 1 0
"141" 1 4 14 1 -4
"142" 1 4 15 1 -4
"143" 1 4 16 1 -4
"144" 1 1 1 1 3
"145" 1 1 2 1 3
"146" 1 1 3 1 3
"147" 1 1 4 1 3
"148" 1 1 5 1 3
"149" 1 1 6 1 3
"150" 1 1 7 1 3
"151" 1 1 8 1 3
"152" 1 1 9 1 3
"153" 1 1 10 0 4
"154" 1 1 11 0 0
"155" 1 1 12 0 0
"156" 1 1 13 0 4
"157" 1 1 14 0 4
"158" 1 1 15 0 4
"159" 1 1 16 0 0
"160" 1 1 17 0 4
"161" 1 1 18 0 4
"162" 1 1 19 0 4
"163" 2 4 1 1 -4
"164" 2 4 2 1 -4
"165" 2 4 3 0 -3
"166" 2 5 1 1 3
"167" 2 5 2 0 0
"168" 2 2 1 1 3
"169" 2 2 2 0 0
"170" 2 1 1 0 0
"171" 2 1 2 1 3
"172" 2 3 1 1 0
"173" 2 3 2 0 -3
"174" 2 6 1 1 3
"175" 2 6 2 0 32
"176" 3 5 1 1 3
"177" 3 5 2 0 32
"178" 3 5 3 1 3
"179" 3 5 4 0 0
"180" 3 5 5 1 3
"181" 3 5 6 0 0
"182" 3 5 7 1 3
"183" 3 5 8 0 0
"184" 3 5 9 1 3
"185" 3 5 10 0 0
"186" 3 5 11 1 3
"187" 3 5 12 0 0
"188" 3 5 13 1 3
"189" 3 5 14 0 0
"190" 3 5 15 1 3
"191" 3 5 16 0 0
"192" 3 5 17 1 3
"193" 3 2 1 0 4
"194" 3 2 2 1 0
"195" 3 2 3 0 0
"196" 3 2 4 1 0
"197" 3 2 5 0 0
"198" 3 2 6 1 0
"199" 3 2 7 0 0
"200" 3 2 8 1 0
"201" 3 2 9 0 0
"202" 3 2 10 1 0
"203" 3 2 11 0 0
"204" 3 2 12 1 0
"205" 3 2 13 1 0
"206" 3 2 14 1 3
"207" 3 2 15 1 0
"208" 3 2 16 0 0
"209" 3 2 17 0 4
"210" 3 2 18 0 0
"211" 3 2 19 0 0
"212" 3 2 20 0 4
"213" 3 2 21 0 0
"214" 3 4 1 0 -3
"215" 3 4 2 0 -3
"216" 3 4 3 0 -3
"217" 3 4 4 1 -4
"218" 3 4 5 1 -4
"219" 4 2 1 1 0
"220" 4 2 2 0 4
"221" 4 4 1 1 -4
"222" 4 4 2 0 -3
"223" 4 4 3 1 0
"224" 4 4 4 0 -3
"225" 4 5 1 0 0
"226" 4 5 2 0 32
"227" 4 5 3 0 0
"228" 4 5 4 0 0
"229" 4 5 5 1 3
"230" 4 5 6 1 3
"231" 4 5 7 1 3
"232" 4 6 1 1 0
"233" 4 6 2 1 0
"234" 4 6 3 1 0
"235" 4 6 4 0 0
"236" 4 6 5 0 0
"237" 4 6 6 0 0
"238" 4 6 7 0 0
"239" 4 3 1 1 0
"240" 4 3 2 0 -3
"241" 4 3 3 0 -3
"242" 4 3 4 0 -3
"243" 4 3 5 1 0
"244" 4 3 6 1 0
"245" 5 6 1 1 0
"246" 5 6 2 1 0
"247" 5 6 3 1 0
"248" 5 6 4 1 0
"249" 5 6 5 1 3
"250" 5 6 6 1 0
"251" 5 6 7 0 0
"252" 5 6 8 0 0
"253" 5 6 9 0 0
"254" 5 6 10 0 0
"255" 5 6 11 0 0
"256" 5 2 1 0 0
"257" 5 2 2 0 0
"258" 5 2 3 1 0
"259" 5 2 4 1 3
"260" 5 2 5 0 4
"261" 5 5 1 1 3
"262" 5 5 2 1 3
"263" 5 5 3 0 0
"264" 5 5 4 0 0
"265" 5 4 1 0 -3
"266" 5 4 2 0 -3
"267" 5 4 3 0 -3
"268" 5 4 4 1 -4
"269" 5 4 5 1 -4
"270" 5 4 6 1 -4
"271" 5 3 1 0 -3
"272" 5 3 2 0 -3
"273" 5 3 3 1 0
"274" 5 3 4 1 0
"275" 5 3 5 1 0
"276" 5 3 6 1 0
"277" 5 3 7 1 0
"278" 5 3 8 0 -3
"279" 6 2 1 1 0
"280" 6 2 2 0 0
"281" 6 4 1 0 -3
"282" 6 4 2 1 -4
"283" 6 6 1 1 0
"284" 6 6 2 0 0
"285" 6 5 1 1 3
"286" 6 5 2 0 0
"287" 6 3 1 1 0
"288" 6 3 2 0 -3
"289" 6 1 1 0 4
"290" 6 1 2 1 3
"291" 6 1 3 0 0
"292" 7 4 1 0 -3
"293" 7 4 2 0 -3
"294" 7 4 3 1 -4
"295" 7 4 4 0 -3
"296" 7 4 5 0 -3
"297" 7 4 6 1 0
"298" 7 4 7 1 -4
"299" 7 4 8 0 -3
"300" 7 4 9 0 -3
"301" 7 5 1 0 0
"302" 7 5 2 0 0
"303" 7 5 3 0 0
"304" 7 5 4 0 0
"305" 7 5 5 1 3
"306" 7 5 6 1 3
"307" 7 5 7 1 3
"308" 7 5 8 1 3
"309" 7 5 9 1 3
"310" 7 5 10 0 0
"311" 7 5 11 0 0
"312" 7 5 12 1 3
"313" 7 5 13 0 0
"314" 7 5 14 1 3
"315" 7 5 15 0 0
"316" 7 5 16 0 0
"317" 7 5 17 1 3
"318" 7 3 1 0 -3
"319" 7 3 2 0 -3
"320" 7 3 3 0 -3
"321" 7 3 4 0 -3
"322" 7 3 5 1 0
"323" 7 3 6 1 0
"324" 7 3 7 1 0
"325" 7 3 8 1 0
"326" 7 3 9 0 -3
"327" 7 3 10 1 0
"328" 7 3 11 0 -3
"329" 7 2 1 0 0
"330" 7 2 2 0 4
"331" 7 2 3 0 0
"332" 7 2 4 0 0
"333" 7 2 5 1 0
"334" 7 2 6 1 0
"335" 7 2 7 1 0
"336" 7 2 8 1 0
"337" 7 2 9 1 0
"338" 7 2 10 1 0
"339" 7 1 1 1 3
"340" 7 1 2 1 3
"341" 7 1 3 1 3
"342" 7 1 4 0 4
"343" 7 1 5 0 0
"344" 7 1 6 0 4
"345" 7 6 1 0 0
"346" 7 6 2 0 0
"347" 7 6 3 0 0
"348" 7 6 4 1 3
"349" 7 6 5 1 3
"350" 7 6 6 1 0
"351" 7 6 7 1 0
"352" 7 6 8 0 0
"353" 8 4 1 1 -4
"354" 8 4 2 0 -3
"355" 8 4 3 1 -4
"356" 8 1 1 0 0
"357" 8 1 2 1 3
"358" 8 2 1 1 3
"359" 8 2 2 0 0
"360" 8 2 3 1 0
"361" 8 2 4 0 0
"362" 8 2 5 1 0
"363" 8 2 6 0 4
"364" 8 2 7 1 0
"365" 8 2 8 0 0
"366" 8 2 9 1 0
"367" 8 2 10 0 0
"368" 8 2 11 1 0
"369" 8 2 12 0 0
"370" 8 2 13 1 3
"371" 8 2 14 0 0
"372" 8 3 1 1 0
"373" 8 3 2 0 -3
"374" 8 3 3 1 0
"375" 8 3 4 0 -3
"376" 8 3 5 1 0
"377" 8 3 6 0 -3
"378" 8 3 7 1 0
"379" 8 3 8 0 -3
"380" 8 5 1 1 3
"381" 8 5 2 0 0
"382" 8 5 3 1 3
"383" 8 5 4 0 0
"384" 8 5 5 1 3
"385" 8 5 6 0 0
"386" 8 5 7 1 3
"387" 8 6 1 1 0
"388" 8 6 2 0 0
"389" 8 6 3 1 0
"390" 8 6 4 0 0
"391" 8 6 5 1 0
"392" 8 6 6 0 0
"393" 8 6 7 1 0
"394" 8 6 8 0 0
"395" 8 6 9 0 0
"396" 9 5 1 0 0
"397" 9 5 2 1 3
"398" 9 4 1 0 -3
"399" 9 4 2 0 -3
"400" 9 4 3 0 -3
"401" 9 4 4 1 -4
"402" 9 4 5 1 0
"403" 9 4 6 1 -4
"404" 9 4 7 1 -4
"405" 9 4 8 1 -4
"406" 9 4 9 0 -3
"407" 9 4 10 0 -3
"408" 9 4 11 0 -3
"409" 9 4 12 0 -3
"410" 9 1 1 1 3
"411" 9 1 2 1 3
"412" 9 1 3 1 3
"413" 9 1 4 1 3
"414" 9 1 5 0 4
"415" 9 1 6 0 0
"416" 9 1 7 0 4
"417" 9 6 1 0 0
"418" 9 6 2 0 32
"419" 9 6 3 0 0
"420" 9 6 4 0 32
"421" 9 6 5 0 0
"422" 9 6 6 0 0
"423" 9 6 7 0 0
"424" 9 6 8 0 0
"425" 9 6 9 1 0
"426" 9 6 10 1 3
"427" 9 6 11 1 0
"428" 9 6 12 1 3
"429" 9 6 13 1 0
"430" 9 6 14 1 0
"431" 10 3 1 0 -3
"432" 10 3 2 0 -3
"433" 10 3 3 1 0
"434" 10 3 4 0 -3
"435" 10 3 5 1 0
"436" 10 6 1 1 0
"437" 10 6 2 0 0
"438" 10 6 3 1 0
"439" 10 4 1 0 -3
"440" 10 4 2 1 -4
"441" 10 4 3 0 -3
"442" 10 2 1 0 0
"443" 10 2 2 1 0
"444" 10 2 3 1 0
"445" 10 1 1 0 4
"446" 10 1 2 1 3
"447" 10 1 3 0 4
"448" 11 1 1 0 4
"449" 11 1 2 1 3
"450" 11 1 3 1 3
"451" 11 1 4 1 3
"452" 11 1 5 1 3
"453" 11 1 6 1 3
"454" 11 1 7 1 3
"455" 11 1 8 1 3
"456" 11 1 9 0 4
"457" 11 1 10 0 4
"458" 11 1 11 0 0
"459" 11 1 12 0 4
"460" 11 1 13 0 0
"461" 11 1 14 0 0
"462" 11 1 15 0 4
"463" 11 1 16 0 4
"464" 11 1 17 0 4
"465" 11 1 18 0 4
"466" 11 1 19 0 4
"467" 11 1 20 0 4
"468" 11 1 21 0 4
"469" 11 1 22 0 4
"470" 11 1 23 0 4
"471" 11 1 24 0 4
"472" 11 1 25 0 4
"473" 11 1 26 0 4
"474" 11 1 27 0 4
"475" 11 1 28 1 3
"476" 11 1 29 1 3
"477" 11 1 30 1 3
"478" 11 1 31 1 3
"479" 11 1 32 1 3
"480" 11 1 33 1 3
"481" 11 1 34 1 3
"482" 11 1 35 1 3
"483" 11 1 36 1 3
"484" 11 4 1 1 -4
"485" 11 4 2 1 -4
"486" 11 4 3 1 -4
"487" 11 4 4 1 -4
"488" 11 4 5 1 -4
"489" 11 4 6 1 0
"490" 11 4 7 1 -4
"491" 11 4 8 0 -3
"492" 11 4 9 0 -3
"493" 11 4 10 0 -3
"494" 11 4 11 0 -3
"495" 11 4 12 0 -3
"496" 11 4 13 0 -3
"497" 11 4 14 0 -3
"498" 11 4 15 0 -3
"499" 11 4 16 0 -3
"500" 11 4 17 0 -3
"501" 11 4 18 1 -4
"502" 11 4 19 1 0
"503" 11 4 20 1 -4
"504" 11 4 21 1 -4
"505" 11 4 22 1 0
"506" 11 4 23 1 -4
"507" 11 4 24 1 -4
"508" 11 4 25 1 -4
"509" 11 4 26 1 -4
"510" 11 4 27 1 -4
"511" 11 4 28 1 -4
"512" 11 4 29 1 0
"513" 11 4 30 1 -4
"514" 11 4 31 1 0
"515" 11 4 32 1 -4
"516" 11 4 33 1 -4
"517" 11 4 34 1 0
"518" 11 4 35 1 -4
"519" 11 4 36 1 -4
"520" 11 4 37 1 -4
"521" 11 4 38 1 -4
"522" 11 4 39 1 -4
"523" 11 4 40 1 0
"524" 11 4 41 1 -4
"525" 11 2 1 0 0
"526" 11 2 2 0 4
"527" 11 2 3 0 0
"528" 11 2 4 0 0
"529" 11 2 5 0 4
"530" 11 2 6 0 0
"531" 11 2 7 0 0
"532" 11 2 8 0 0
"533" 11 2 9 0 0
"534" 11 2 10 0 0
"535" 11 2 11 0 0
"536" 11 2 12 0 0
"537" 11 2 13 0 0
"538" 11 2 14 0 4
"539" 11 2 15 0 0
"540" 11 2 16 0 4
"541" 11 2 17 0 0
"542" 11 2 18 0 0
"543" 11 2 19 0 0
"544" 11 2 20 0 0
"545" 11 2 21 0 0
"546" 11 2 22 0 0
"547" 11 2 23 1 0
"548" 11 2 24 1 0
"549" 11 2 25 1 0
"550" 11 2 26 1 0
"551" 11 2 27 1 0
"552" 11 2 28 1 3
"553" 11 2 29 1 3
"554" 11 2 30 1 0
"555" 11 2 31 1 3
"556" 11 2 32 1 0
"557" 11 2 33 1 3
"558" 11 2 34 1 0
"559" 11 2 35 1 0
"560" 11 2 36 1 0
"561" 11 2 37 1 0
"562" 11 2 38 1 3
"563" 11 2 39 1 0
"564" 11 2 40 1 3
"565" 11 2 41 1 0
"566" 11 2 42 1 0
"567" 11 2 43 1 0
"568" 11 2 44 1 3
"569" 11 2 45 1 0
"570" 11 2 46 1 0
"571" 11 2 47 1 0
"572" 11 2 48 1 0
"573" 11 2 49 1 3
"574" 11 2 50 1 3
"575" 11 2 51 1 0
"576" 11 2 52 1 0
"577" 11 2 53 1 0
"578" 11 2 54 1 0
"579" 11 2 55 1 3
"580" 11 2 56 1 0
"581" 11 2 57 1 3
"582" 11 2 58 1 3
"583" 11 2 59 0 0
"584" 11 2 60 0 0
"585" 11 2 61 0 4
"586" 11 2 62 0 0
"587" 11 2 63 0 0
"588" 11 2 64 0 0
"589" 11 2 65 0 0
"590" 11 2 66 0 0
"591" 11 2 67 0 0
"592" 11 2 68 0 0
"593" 11 2 69 0 4
"594" 11 2 70 0 0
"595" 11 2 71 0 4
"596" 11 2 72 0 0
"597" 11 2 73 0 4
"598" 11 2 74 0 4
"599" 11 2 75 0 0
"600" 11 2 76 0 4
"601" 11 2 77 0 0
"602" 11 2 78 0 0
"603" 11 2 79 0 0
"604" 11 2 80 0 0
"605" 11 2 81 0 0
"606" 11 2 82 0 4
"607" 11 2 83 0 4
"608" 11 2 84 0 0
"609" 11 5 1 1 3
"610" 11 5 2 1 3
"611" 11 5 3 1 3
"612" 11 5 4 1 3
"613" 11 5 5 1 3
"614" 11 5 6 1 3
"615" 11 5 7 1 3
"616" 11 5 8 1 3
"617" 11 5 9 1 3
"618" 11 5 10 1 3
"619" 11 5 11 1 3
"620" 11 5 12 1 3
"621" 11 5 13 1 3
"622" 11 5 14 1 3
"623" 11 5 15 1 3
"624" 11 5 16 0 0
"625" 11 5 17 0 0
"626" 11 5 18 0 0
"627" 11 5 19 0 0
"628" 11 5 20 0 32
"629" 11 5 21 0 0
"630" 11 5 22 0 0
"631" 11 5 23 0 0
"632" 11 5 24 0 0
"633" 11 5 25 0 0
"634" 11 5 26 0 0
"635" 11 5 27 0 0
"636" 11 5 28 0 0
"637" 11 5 29 0 0
"638" 11 5 30 0 0
"639" 11 5 31 0 0
"640" 11 5 32 0 0
"641" 11 5 33 0 0
"642" 11 5 34 0 0
"643" 11 5 35 0 32
"644" 11 5 36 0 32
"645" 11 5 37 0 0
"646" 11 5 38 0 0
"647" 11 5 39 0 0
"648" 11 5 40 1 3
"649" 11 5 41 1 3
"650" 11 5 42 1 3
"651" 11 6 1 1 0
"652" 11 6 2 1 0
"653" 11 6 3 1 0
"654" 11 6 4 1 0
"655" 11 6 5 1 0
"656" 11 6 6 1 0
"657" 11 6 7 1 0
"658" 11 6 8 1 3
"659" 11 6 9 1 0
"660" 11 6 10 1 0
"661" 11 6 11 1 0
"662" 11 6 12 1 0
"663" 11 6 13 1 3
"664" 11 6 14 1 0
"665" 11 6 15 1 0
"666" 11 6 16 1 0
"667" 11 6 17 1 0
"668" 11 6 18 1 0
"669" 11 6 19 1 3
"670" 11 6 20 1 0
"671" 11 6 21 1 0
"672" 11 6 22 1 0
"673" 11 6 23 0 0
"674" 11 6 24 0 0
"675" 11 6 25 0 0
"676" 11 6 26 0 0
"677" 11 6 27 0 0
"678" 11 6 28 0 0
"679" 11 6 29 0 0
"680" 11 6 30 0 0
"681" 11 6 31 0 0
"682" 11 6 32 0 0
"683" 11 6 33 0 0
"684" 11 6 34 0 0
"685" 11 6 35 0 0
"686" 11 6 36 0 0
"687" 11 6 37 0 0
"688" 11 6 38 0 0
"689" 11 6 39 0 0
"690" 11 6 40 0 0
"691" 11 6 41 0 0
"692" 11 6 42 0 0
"693" 11 6 43 0 0
"694" 11 6 44 0 0
"695" 11 6 45 0 0
"696" 11 3 1 1 0
"697" 11 3 2 1 0
"698" 11 3 3 1 0
"699" 11 3 4 1 0
"700" 11 3 5 1 0
"701" 11 3 6 1 -32
"702" 11 3 7 1 0
"703" 11 3 8 1 0
"704" 11 3 9 1 0
"705" 11 3 10 1 0
"706" 11 3 11 1 0
"707" 11 3 12 1 0
"708" 11 3 13 1 0
"709" 11 3 14 1 0
"710" 11 3 15 1 0
"711" 11 3 16 1 0
"712" 11 3 17 1 0
"713" 11 3 18 1 0
"714" 11 3 19 1 0
"715" 11 3 20 1 0
"716" 11 3 21 1 0
"717" 11 3 22 1 0
"718" 11 3 23 1 0
"719" 11 3 24 1 0
"720" 11 3 25 1 0
"721" 11 3 26 1 0
"722" 11 3 27 1 0
"723" 11 3 28 1 0
"724" 11 3 29 1 0
"725" 11 3 30 1 0
"726" 11 3 31 0 -3
"727" 11 3 32 0 -3
"728" 11 3 33 0 -3
"729" 11 3 34 0 -3
"730" 11 3 35 0 -3
"731" 11 3 36 0 -3
"732" 11 3 37 0 -3
"733" 11 3 38 0 -3
"734" 11 3 39 0 -3
"735" 11 3 40 0 -3
"736" 11 3 41 0 -3
"737" 11 3 42 0 -3
"738" 11 3 43 0 -3
"739" 11 3 44 0 -3
"740" 11 3 45 0 -3
"741" 11 3 46 0 -3
"742" 12 5 1 1 3
"743" 12 5 2 0 0
"744" 12 5 3 0 0
"745" 12 5 4 0 0
"746" 12 5 5 1 3
"747" 12 4 1 1 -4
"748" 12 4 2 1 -4
"749" 12 4 3 0 -3
"750" 12 4 4 0 -3
"751" 12 4 5 0 -3
"752" 12 4 6 0 -3
"753" 12 4 7 0 -3
"754" 12 4 8 0 -3
"755" 12 4 9 1 0
"756" 12 6 1 1 0
"757" 12 6 2 1 3
"758" 12 6 3 1 0
"759" 12 6 4 1 0
"760" 12 6 5 1 0
"761" 12 6 6 1 0
"762" 12 6 7 1 0
"763" 12 6 8 1 0
"764" 12 6 9 1 0
"765" 12 6 10 1 3
"766" 12 6 11 1 0
"767" 12 6 12 1 3
"768" 12 6 13 1 0
"769" 12 6 14 1 0
"770" 12 6 15 1 3
"771" 12 6 16 1 0
"772" 12 6 17 1 3
"773" 12 6 18 1 0
"774" 12 6 19 1 0
"775" 12 6 20 1 0
"776" 12 6 21 1 0
"777" 12 6 22 0 0
"778" 12 6 23 0 0
"779" 12 6 24 0 0
"780" 12 6 25 0 0
"781" 12 6 26 0 0
"782" 12 6 27 0 0
"783" 12 6 28 0 0
"784" 12 6 29 0 0
"785" 12 6 30 0 0
"786" 12 6 31 0 0
"787" 12 6 32 0 0
"788" 12 6 33 0 0
"789" 12 6 34 0 0
"790" 12 6 35 0 0
"791" 12 6 36 0 0
"792" 12 6 37 0 0
"793" 12 6 38 0 0
"794" 12 6 39 0 0
"795" 12 1 1 0 4
"796" 12 1 2 0 4
"797" 12 1 3 0 0
"798" 12 1 4 1 3
"799" 12 1 5 1 3
"800" 12 1 6 1 3
"801" 12 1 7 1 3
"802" 12 1 8 1 3
"803" 12 1 9 1 3
"804" 12 1 10 0 4
"805" 12 1 11 0 4
"806" 12 1 12 0 4
"807" 12 2 1 1 0
"808" 12 2 2 1 0
"809" 12 2 3 1 0
"810" 12 2 4 1 0
"811" 12 2 5 1 0
"812" 12 2 6 1 0
"813" 12 2 7 1 0
"814" 12 2 8 1 0
"815" 12 2 9 1 3
"816" 12 2 10 1 0
"817" 12 2 11 1 3
"818" 12 2 12 1 3
"819" 12 2 13 1 0
"820" 12 2 14 1 3
"821" 12 2 15 1 0
"822" 12 2 16 1 3
"823" 12 2 17 1 0
"824" 12 2 18 0 0
"825" 12 2 19 0 0
"826" 12 2 20 0 0
"827" 12 2 21 0 4
"828" 12 2 22 0 4
"829" 12 2 23 0 0
"830" 12 2 24 0 4
"831" 13 3 1 0 -3
"832" 13 3 2 0 -3
"833" 13 3 3 0 -3
"834" 13 3 4 0 -3
"835" 13 3 5 1 0
"836" 13 3 6 1 -32
"837" 13 3 7 1 0
"838" 13 3 8 1 -32
"839" 13 3 9 1 0
"840" 13 3 10 1 0
"841" 13 6 1 0 0
"842" 13 6 2 0 0
"843" 13 6 3 0 0
"844" 13 6 4 0 0
"845" 13 6 5 0 0
"846" 13 6 6 1 3
"847" 13 6 7 1 0
"848" 13 6 8 1 0
"849" 13 6 9 1 0
"850" 13 6 10 1 0
"851" 13 6 11 1 0
"852" 13 6 12 1 0
"853" 13 6 13 1 0
"854" 13 1 1 1 3
"855" 13 1 2 1 3
"856" 13 1 3 1 3
"857" 13 1 4 1 3
"858" 13 1 5 1 3
"859" 13 1 6 1 3
"860" 13 1 7 0 0
"861" 13 1 8 0 0
"862" 13 4 1 0 -3
"863" 13 4 2 0 -3
"864" 13 4 3 0 -3
"865" 13 4 4 0 -3
"866" 13 4 5 1 -4
"867" 13 4 6 1 -4
"868" 13 4 7 1 -4
"869" 13 4 8 1 -4
"870" 13 4 9 1 -4
"871" 13 5 1 0 0
"872" 13 5 2 0 32
"873" 13 5 3 0 0
"874" 13 5 4 0 0
"875" 13 5 5 0 0
"876" 13 5 6 0 0
"877" 13 5 7 0 0
"878" 13 5 8 0 0
"879" 13 5 9 0 0
"880" 13 5 10 1 3
"881" 13 5 11 1 3
"882" 13 5 12 1 3
"883" 13 5 13 1 3
"884" 14 4 1 1 -4
"885" 14 4 2 0 -3
"886" 14 4 3 1 -4
"887" 14 4 4 0 -3
"888" 14 4 5 1 0
"889" 14 4 6 0 -3
"890" 14 4 7 1 -4
"891" 14 4 8 1 -4
"892" 14 4 9 1 -4
"893" 14 4 10 1 -4
"894" 14 4 11 1 0
"895" 14 4 12 0 -3
"896" 14 4 13 0 -3
"897" 14 4 14 0 -3
"898" 14 4 15 1 0
"899" 14 4 16 1 -4
"900" 14 4 17 0 -3
"901" 14 4 18 0 -3
"902" 14 4 19 0 -3
"903" 14 1 1 0 4
"904" 14 1 2 0 4
"905" 14 1 3 0 4
"906" 14 1 4 1 3
"907" 14 1 5 1 3
"908" 14 1 6 1 3
"909" 14 6 1 1 3
"910" 14 6 2 1 0
"911" 14 6 3 1 0
"912" 14 6 4 1 0
"913" 14 6 5 1 0
"914" 14 6 6 1 0
"915" 14 6 7 0 0
"916" 14 6 8 0 0
"917" 14 6 9 0 0
"918" 14 6 10 0 0
"919" 14 6 11 0 0
"920" 14 6 12 0 0
"921" 14 6 13 0 0
"922" 14 6 14 0 0
"923" 14 6 15 0 0
"924" 14 6 16 0 0
"925" 14 6 17 0 0
"926" 14 6 18 0 0
"927" 14 6 19 0 0
"928" 14 6 20 0 0
"929" 14 6 21 0 0
"930" 14 6 22 1 0
"931" 14 6 23 1 0
"932" 14 6 24 1 0
"933" 14 6 25 1 0
"934" 14 6 26 1 0
"935" 14 6 27 1 0
"936" 14 6 28 1 0
"937" 14 6 29 1 3
"938" 14 6 30 1 3
"939" 14 6 31 1 3
"940" 14 6 32 0 0
"941" 14 5 1 1 3
"942" 14 5 2 0 32
"943" 14 5 3 0 0
"944" 14 5 4 0 0
"945" 14 5 5 1 3
"946" 14 5 6 1 3
"947" 14 5 7 1 3
"948" 14 5 8 1 3
"949" 14 5 9 1 3
"950" 14 5 10 1 3
"951" 14 5 11 1 3
"952" 14 5 12 1 3
"953" 14 5 13 1 3
"954" 14 5 14 1 3
"955" 14 5 15 0 0
"956" 14 5 16 0 0
"957" 14 5 17 0 0
"958" 14 5 18 0 0
"959" 14 5 19 0 0
"960" 14 5 20 0 0
"961" 14 5 21 0 0
"962" 14 5 22 0 0
"963" 14 5 23 0 0
"964" 14 5 24 0 32
"965" 14 5 25 1 3
"966" 14 5 26 1 3
"967" 14 5 27 1 3
"968" 14 2 1 1 0
"969" 14 2 2 1 0
"970" 14 2 3 0 0
"971" 14 2 4 0 4
"972" 14 2 5 0 0
"973" 14 2 6 0 0
"974" 14 2 7 0 0
"975" 14 2 8 0 0
"976" 14 2 9 0 0
"977" 14 2 10 0 0
"978" 14 2 11 0 4
"979" 14 2 12 0 0
"980" 14 2 13 1 0
"981" 14 2 14 1 3
"982" 14 2 15 1 3
"983" 14 2 16 1 0
"984" 14 2 17 1 3
"985" 14 2 18 1 0
"986" 14 3 1 1 0
"987" 14 3 2 1 0
"988" 14 3 3 1 0
"989" 14 3 4 1 0
"990" 14 3 5 1 0
"991" 14 3 6 1 0
"992" 14 3 7 1 0
"993" 14 3 8 1 0
"994" 14 3 9 1 0
"995" 14 3 10 1 0
"996" 14 3 11 0 -3
"997" 14 3 12 0 -3
"998" 14 3 13 0 -3
"999" 14 3 14 0 -3
"1000" 14 3 15 0 -3
"1001" 14 3 16 0 -3
"1002" 14 3 17 0 -3
"1003" 14 3 18 0 -3
"1004" 14 3 19 0 -3
"1005" 14 3 20 0 -3
"1006" 14 3 21 1 0
"1007" 14 3 22 1 0
"1008" 14 3 23 1 0
"1009" 14 3 24 1 0
"1010" 15 2 1 0 0
"1011" 15 2 2 0 4
"1012" 15 2 3 1 3
"1013" 15 2 4 1 0
"1014" 15 2 5 1 0
"1015" 15 2 6 1 3
"1016" 15 2 7 0 0
"1017" 15 2 8 0 0
"1018" 15 2 9 0 4
"1019" 15 6 1 0 0
"1020" 15 6 2 0 0
"1021" 15 6 3 0 0
"1022" 15 6 4 0 0
"1023" 15 6 5 1 3
"1024" 15 6 6 1 0
"1025" 15 6 7 1 0
"1026" 15 6 8 1 0
"1027" 15 6 9 0 0
"1028" 15 6 10 0 0
"1029" 15 6 11 0 0
"1030" 15 6 12 1 0
"1031" 15 6 13 1 0
"1032" 15 4 1 0 -3
"1033" 15 4 2 0 -3
"1034" 15 4 3 1 0
"1035" 15 4 4 1 -4
"1036" 15 4 5 0 -3
"1037" 15 4 6 0 -3
"1038" 15 4 7 1 -4
"1039" 15 4 8 1 -4
"1040" 15 1 1 1 3
"1041" 15 1 2 1 3
"1042" 15 1 3 0 0
"1043" 15 1 4 0 4
"1044" 15 1 5 1 3
"1045" 15 1 6 1 3
"1046" 15 1 7 0 0
"1047" 15 1 8 0 0
"1048" 15 5 1 0 0
"1049" 15 5 2 0 32
"1050" 15 5 3 0 0
"1051" 15 5 4 0 0
"1052" 15 5 5 0 0
"1053" 15 5 6 1 3
"1054" 15 5 7 1 3
"1055" 15 5 8 1 3
"1056" 15 5 9 1 3
"1057" 15 5 10 0 0
"1058" 15 5 11 0 0
"1059" 15 5 12 0 0
"1060" 15 5 13 0 0
"1061" 15 5 14 0 0
"1062" 15 5 15 1 3
"1063" 16 4 1 1 -4
"1064" 16 4 2 1 -4
"1065" 16 4 3 0 -3
"1066" 16 4 4 0 -3
"1067" 16 4 5 1 -4
"1068" 16 4 6 0 -3
"1069" 16 5 1 1 3
"1070" 16 5 2 1 3
"1071" 16 5 3 1 3
"1072" 16 5 4 1 3
"1073" 16 5 5 0 32
"1074" 16 5 6 0 0
"1075" 16 5 7 0 0
"1076" 16 5 8 0 0
"1077" 16 5 9 0 0
"1078" 16 5 10 0 0
"1079" 16 5 11 0 0
"1080" 16 5 12 0 0
"1081" 16 5 13 0 0
"1082" 16 5 14 0 0
"1083" 16 5 15 0 32
"1084" 16 5 16 0 0
"1085" 16 5 17 0 0
"1086" 16 5 18 0 0
"1087" 16 5 19 0 32
"1088" 16 5 20 0 0
"1089" 16 5 21 0 0
"1090" 16 5 22 0 0
"1091" 16 5 23 0 0
"1092" 16 5 24 0 0
"1093" 16 5 25 0 0
"1094" 16 5 26 0 0
"1095" 16 5 27 0 0
"1096" 16 5 28 0 0
"1097" 16 5 29 0 0
"1098" 16 5 30 0 0
"1099" 16 5 31 0 0
"1100" 16 5 32 0 0
"1101" 16 5 33 0 0
"1102" 16 5 34 0 0
"1103" 16 5 35 0 32
"1104" 16 5 36 1 3
"1105" 16 5 37 1 3
"1106" 16 5 38 1 3
"1107" 16 5 39 1 3
"1108" 16 1 1 0 4
"1109" 16 1 2 0 4
"1110" 16 1 3 0 4
"1111" 16 1 4 0 4
"1112" 16 1 5 0 4
"1113" 16 1 6 0 4
"1114" 16 1 7 1 3
"1115" 16 1 8 1 3
"1116" 16 1 9 1 3
"1117" 16 1 10 1 3
"1118" 16 1 11 1 3
"1119" 16 1 12 1 3
"1120" 16 1 13 1 3
"1121" 16 1 14 1 3
"1122" 16 1 15 1 3
"1123" 16 1 16 1 3
"1124" 16 1 17 1 3
"1125" 16 1 18 1 3
"1126" 16 1 19 1 3
"1127" 16 1 20 0 4
"1128" 16 1 21 0 4
"1129" 16 1 22 0 4
"1130" 16 6 1 1 3
"1131" 16 6 2 1 0
"1132" 16 6 3 1 0
"1133" 16 6 4 1 0
"1134" 16 6 5 1 3
"1135" 16 6 6 1 3
"1136" 16 6 7 1 0
"1137" 16 6 8 1 0
"1138" 16 6 9 0 0
"1139" 16 6 10 0 0
"1140" 16 6 11 0 0
"1141" 16 6 12 0 0
"1142" 16 6 13 0 0
"1143" 16 6 14 0 0
"1144" 16 6 15 0 0
"1145" 16 6 16 0 0
"1146" 16 6 17 0 0
"1147" 16 6 18 0 0
"1148" 16 6 19 0 0
"1149" 16 6 20 0 0
"1150" 16 6 21 0 0
"1151" 16 6 22 0 0
"1152" 16 6 23 0 0
"1153" 16 6 24 0 0
"1154" 16 6 25 0 0
"1155" 16 6 26 0 0
"1156" 16 6 27 0 0
"1157" 16 6 28 0 0
"1158" 16 6 29 0 0
"1159" 16 6 30 0 0
"1160" 16 6 31 0 0
"1161" 16 6 32 0 0
"1162" 16 6 33 0 0
"1163" 16 6 34 0 0
"1164" 16 6 35 0 0
"1165" 16 6 36 1 0
"1166" 16 6 37 1 0
"1167" 16 6 38 1 0
"1168" 16 6 39 1 0
"1169" 16 6 40 1 0
"1170" 16 6 41 1 0
"1171" 16 6 42 1 0
"1172" 16 6 43 1 0
"1173" 16 6 44 1 3
"1174" 16 2 1 1 0
"1175" 16 2 2 1 0
"1176" 16 2 3 1 3
"1177" 16 2 4 1 0
"1178" 16 2 5 1 3
"1179" 16 2 6 1 0
"1180" 16 2 7 0 0
"1181" 16 2 8 0 0
"1182" 16 2 9 0 4
"1183" 16 2 10 0 0
"1184" 16 2 11 0 0
"1185" 16 2 12 0 0
"1186" 16 2 13 0 0
"1187" 16 2 14 0 0
"1188" 16 2 15 1 0
"1189" 16 2 16 1 3
"1190" 16 2 17 1 0
"1191" 16 2 18 1 0
"1192" 16 2 19 1 0
"1193" 16 2 20 1 0
"1194" 16 2 21 1 0
"1195" 16 3 1 1 0
"1196" 16 3 2 1 -32
"1197" 16 3 3 1 0
"1198" 16 3 4 1 0
"1199" 16 3 5 1 0
"1200" 16 3 6 1 0
"1201" 16 3 7 1 0
"1202" 16 3 8 1 -32
"1203" 16 3 9 1 0
"1204" 16 3 10 1 0
"1205" 16 3 11 1 0
"1206" 16 3 12 1 0
"1207" 16 3 13 1 0
"1208" 16 3 14 1 0
"1209" 16 3 15 1 -32
"1210" 16 3 16 0 -3
"1211" 16 3 17 0 -3
"1212" 16 3 18 0 -3
"1213" 16 3 19 0 -3
"1214" 16 3 20 0 -3
"1215" 17 2 1 1 3
"1216" 17 2 2 1 0
"1217" 17 2 3 1 0
"1218" 17 2 4 1 3
"1219" 17 2 5 1 0
"1220" 17 2 6 1 0
"1221" 17 2 7 0 4
"1222" 17 2 8 0 0
"1223" 17 2 9 0 0
"1224" 17 2 10 0 0
"1225" 17 6 1 0 0
"1226" 17 6 2 0 0
"1227" 17 6 3 0 0
"1228" 17 6 4 0 0
"1229" 17 6 5 0 0
"1230" 17 6 6 0 0
"1231" 17 6 7 0 0
"1232" 17 6 8 1 0
"1233" 17 6 9 1 0
"1234" 17 6 10 1 0
"1235" 17 6 11 1 0
"1236" 17 6 12 1 0
"1237" 17 6 13 1 3
"1238" 17 5 1 1 3
"1239" 17 5 2 1 3
"1240" 17 5 3 1 3
"1241" 17 5 4 1 3
"1242" 17 5 5 1 3
"1243" 17 5 6 0 0
"1244" 17 5 7 0 0
"1245" 17 5 8 0 0
"1246" 17 5 9 0 0
"1247" 17 5 10 0 0
"1248" 17 5 11 0 0
"1249" 17 4 1 1 -4
"1250" 17 4 2 1 0
"1251" 17 4 3 1 -4
"1252" 17 4 4 1 -4
"1253" 17 4 5 1 -4
"1254" 17 4 6 0 -3
"1255" 17 4 7 0 -3
"1256" 17 4 8 0 -3
"1257" 17 4 9 1 -4
"1258" 17 4 10 1 -4
"1259" 17 3 1 0 -3
"1260" 17 3 2 0 -3
"1261" 17 3 3 0 -3
"1262" 17 3 4 0 -3
"1263" 17 3 5 0 -3
"1264" 17 3 6 1 0
"1265" 17 1 1 0 4
"1266" 17 1 2 0 4
"1267" 17 1 3 0 0
"1268" 17 1 4 1 3
"1269" 17 1 5 1 3
"1270" 17 1 6 1 3
"1271" 17 1 7 1 3
"1272" 17 1 8 1 3
"1273" 18 1 1 0 4
"1274" 18 1 2 0 4
"1275" 18 1 3 0 4
"1276" 18 1 4 1 3
"1277" 18 1 5 1 3
"1278" 18 1 6 1 3
"1279" 18 3 1 1 0
"1280" 18 3 2 1 0
"1281" 18 3 3 1 0
"1282" 18 3 4 1 0
"1283" 18 3 5 0 -3
"1284" 18 3 6 0 -3
"1285" 18 3 7 0 -3
"1286" 18 3 8 0 -3
"1287" 18 2 1 1 3
"1288" 18 2 2 1 0
"1289" 18 2 3 1 0
"1290" 18 2 4 1 3
"1291" 18 2 5 1 0
"1292" 18 2 6 0 0
"1293" 18 2 7 0 0
"1294" 18 2 8 0 0
"1295" 18 2 9 0 0
"1296" 18 2 10 0 0
"1297" 18 6 1 0 0
"1298" 18 6 2 0 0
"1299" 18 6 3 0 0
"1300" 18 6 4 0 0
"1301" 18 6 5 0 0
"1302" 18 6 6 1 3
"1303" 18 6 7 1 0
"1304" 18 6 8 1 0
"1305" 18 6 9 1 0
"1306" 18 6 10 1 0
"1307" 18 6 11 1 0
"1308" 18 4 1 0 -3
"1309" 18 4 2 0 -3
"1310" 18 4 3 0 -3
"1311" 18 4 4 0 -3
"1312" 18 4 5 1 -4
"1313" 18 4 6 1 0
"1314" 18 4 7 1 -4
"1315" 18 4 8 1 -4
"1316" 18 4 9 1 -4
"1317" 18 4 10 0 -3
"1318" 18 4 11 0 -3
"1319" 18 4 12 1 -4
"1320" 18 4 13 1 -4
"1321" 18 5 1 0 32
"1322" 18 5 2 0 0
"1323" 18 5 3 0 0
"1324" 18 5 4 0 0
"1325" 18 5 5 0 0
"1326" 18 5 6 0 0
"1327" 18 5 7 0 0
"1328" 18 5 8 0 0
"1329" 18 5 9 1 3
"1330" 18 5 10 1 3
"1331" 18 5 11 1 3
"1332" 18 5 12 1 3
"1333" 18 5 13 1 3
"1334" 18 5 14 1 3
"1335" 19 1 1 0 4
"1336" 19 1 2 0 4
"1337" 19 1 3 0 4
"1338" 19 1 4 0 4
"1339" 19 1 5 0 4
"1340" 19 1 6 0 4
"1341" 19 1 7 1 3
"1342" 19 1 8 1 3
"1343" 19 1 9 1 3
"1344" 19 1 10 1 3
"1345" 19 1 11 0 4
"1346" 19 6 1 0 0
"1347" 19 6 2 0 0
"1348" 19 6 3 0 0
"1349" 19 6 4 0 0
"1350" 19 6 5 0 0
"1351" 19 6 6 0 0
"1352" 19 6 7 0 0
"1353" 19 6 8 0 0
"1354" 19 6 9 1 3
"1355" 19 6 10 1 0
"1356" 19 6 11 1 3
"1357" 19 6 12 1 0
"1358" 19 6 13 1 0
"1359" 19 6 14 1 0
"1360" 19 6 15 1 0
"1361" 19 6 16 1 0
"1362" 19 6 17 1 0
"1363" 19 6 18 1 0
"1364" 19 6 19 1 0
"1365" 19 6 20 1 0
"1366" 19 6 21 1 0
"1367" 19 6 22 1 0
"1368" 19 6 23 1 0
"1369" 19 6 24 1 3
"1370" 19 6 25 1 3
"1371" 19 5 1 0 0
"1372" 19 5 2 0 0
"1373" 19 5 3 0 0
"1374" 19 5 4 0 32
"1375" 19 5 5 0 0
"1376" 19 5 6 0 0
"1377" 19 5 7 0 0
"1378" 19 5 8 1 3
"1379" 19 5 9 1 3
"1380" 19 5 10 1 3
"1381" 19 5 11 1 3
"1382" 19 5 12 1 3
"1383" 19 5 13 1 3
"1384" 19 5 14 0 0
"1385" 19 5 15 0 0
"1386" 19 2 1 1 0
"1387" 19 2 2 1 0
"1388" 19 2 3 1 0
"1389" 19 2 4 1 0
"1390" 19 2 5 1 0
"1391" 19 2 6 1 0
"1392" 19 2 7 1 0
"1393" 19 2 8 1 3
"1394" 19 2 9 1 0
"1395" 19 2 10 1 3
"1396" 19 2 11 1 0
"1397" 19 2 12 0 4
"1398" 19 2 13 0 4
"1399" 19 4 1 1 -4
"1400" 19 4 2 1 -4
"1401" 19 4 3 1 -4
"1402" 19 4 4 1 -4
"1403" 19 4 5 1 0
"1404" 19 4 6 1 0
"1405" 19 4 7 1 -4
"1406" 19 4 8 1 -4
"1407" 19 4 9 1 -4
"1408" 19 4 10 1 -4
"1409" 19 4 11 0 -3
"1410" 19 4 12 0 -3
"1411" 19 4 13 0 -3
"1412" 19 4 14 0 -3
"1413" 19 4 15 0 -3
"1414" 19 4 16 0 -3
"1415" 19 4 17 0 -3
"1416" 19 4 18 0 -3
"1417" 19 4 19 0 -3
"1418" 19 4 20 0 -3
"1419" 19 4 21 0 -3
"1420" 19 4 22 0 -3
"1421" 19 4 23 0 -3
"1422" 19 4 24 0 -3
"1423" 19 4 25 1 -4
"1424" 19 3 1 1 0
"1425" 19 3 2 1 0
"1426" 19 3 3 1 0
"1427" 19 3 4 1 0
"1428" 19 3 5 1 0
"1429" 19 3 6 1 0
"1430" 19 3 7 1 0
"1431" 19 3 8 1 0
"1432" 19 3 9 1 0
"1433" 19 3 10 1 0
"1434" 19 3 11 1 -32
"1435" 19 3 12 1 -32
"1436" 19 3 13 1 0
"1437" 19 3 14 0 -3
"1438" 19 3 15 0 -3
"1439" 19 3 16 0 -3
"1440" 19 3 17 0 -3
"1441" 19 3 18 0 -3
"1442" 19 3 19 0 -3
"1443" 19 3 20 0 -3
"1444" 19 3 21 0 -3
"1445" 19 3 22 0 -3
"1446" 20 1 1 0 0
"1447" 20 1 2 0 4
"1448" 20 1 3 0 4
"1449" 20 1 4 0 4
"1450" 20 1 5 0 4
"1451" 20 1 6 1 3
"1452" 20 1 7 1 3
"1453" 20 1 8 1 3
"1454" 20 1 9 1 3
"1455" 20 2 1 1 3
"1456" 20 2 2 1 0
"1457" 20 2 3 1 0
"1458" 20 2 4 1 3
"1459" 20 2 5 1 0
"1460" 20 2 6 1 0
"1461" 20 2 7 1 0
"1462" 20 2 8 1 0
"1463" 20 2 9 1 0
"1464" 20 2 10 0 0
"1465" 20 2 11 0 0
"1466" 20 2 12 0 0
"1467" 20 2 13 0 4
"1468" 20 2 14 0 0
"1469" 20 2 15 0 0
"1470" 20 2 16 0 0
"1471" 20 2 17 0 0
"1472" 20 2 18 0 0
"1473" 20 2 19 0 0
"1474" 20 2 20 1 3
"1475" 20 2 21 1 0
"1476" 20 6 1 1 3
"1477" 20 6 2 1 0
"1478" 20 6 3 1 0
"1479" 20 6 4 1 3
"1480" 20 6 5 1 0
"1481" 20 6 6 1 3
"1482" 20 6 7 1 0
"1483" 20 6 8 1 0
"1484" 20 6 9 1 3
"1485" 20 6 10 1 0
"1486" 20 6 11 1 3
"1487" 20 6 12 1 0
"1488" 20 6 13 1 0
"1489" 20 6 14 0 0
"1490" 20 6 15 0 0
"1491" 20 6 16 0 0
"1492" 20 6 17 0 0
"1493" 20 6 18 0 0
"1494" 20 6 19 0 0
"1495" 20 6 20 0 0
"1496" 20 6 21 0 0
"1497" 20 6 22 0 0
"1498" 20 3 1 1 -32
"1499" 20 3 2 1 0
"1500" 20 3 3 1 0
"1501" 20 3 4 1 0
"1502" 20 3 5 1 0
"1503" 20 3 6 1 0
"1504" 20 3 7 0 -3
"1505" 20 3 8 0 -3
"1506" 20 3 9 0 -3
"1507" 20 3 10 0 -3
"1508" 20 3 11 0 -3
"1509" 20 3 12 1 0
"1510" 20 3 13 1 0
"1511" 20 5 1 1 3
"1512" 20 5 2 1 3
"1513" 20 5 3 1 3
"1514" 20 5 4 1 3
"1515" 20 5 5 1 3
"1516" 20 5 6 1 3
"1517" 20 5 7 1 3
"1518" 20 5 8 1 3
"1519" 20 5 9 0 0
"1520" 20 5 10 0 0
"1521" 20 5 11 0 0
"1522" 20 5 12 0 0
"1523" 20 5 13 0 0
"1524" 20 5 14 0 0
"1525" 20 5 15 0 0
"1526" 20 5 16 0 0
"1527" 20 5 17 0 0
"1528" 20 5 18 0 0
"1529" 20 4 1 1 -4
"1530" 20 4 2 1 0
"1531" 20 4 3 1 -4
"1532" 20 4 4 1 -4
"1533" 20 4 5 1 -4
"1534" 20 4 6 1 0
"1535" 20 4 7 1 -4
"1536" 20 4 8 1 -4
"1537" 20 4 9 1 -4
"1538" 20 4 10 1 -4
"1539" 20 4 11 1 -4
"1540" 20 4 12 1 -4
"1541" 20 4 13 1 0
"1542" 20 4 14 0 -3
"1543" 20 4 15 0 -3
"1544" 20 4 16 0 -3
"1545" 20 4 17 0 -3
"1546" 20 4 18 0 -3
"1547" 20 4 19 0 -3
"1548" 21 6 1 0 0
"1549" 21 6 2 0 0
"1550" 21 6 3 0 0
"1551" 21 6 4 0 0
"1552" 21 6 5 0 0
"1553" 21 6 6 0 0
"1554" 21 6 7 1 0
"1555" 21 6 8 1 0
"1556" 21 6 9 1 0
"1557" 21 6 10 1 0
"1558" 21 6 11 1 0
"1559" 21 6 12 1 3
"1560" 21 6 13 1 0
"1561" 21 6 14 1 0
"1562" 21 6 15 0 0
"1563" 21 6 16 0 0
"1564" 21 6 17 0 0
"1565" 21 6 18 0 0
"1566" 21 6 19 0 0
"1567" 21 6 20 0 0
"1568" 21 6 21 1 3
"1569" 21 6 22 1 0
"1570" 21 6 23 1 3
"1571" 21 6 24 1 0
"1572" 21 4 1 0 -3
"1573" 21 4 2 0 -3
"1574" 21 4 3 0 -3
"1575" 21 4 4 0 -3
"1576" 21 4 5 1 -4
"1577" 21 4 6 1 -4
"1578" 21 4 7 1 -4
"1579" 21 4 8 1 0
"1580" 21 4 9 1 -4
"1581" 21 4 10 1 -4
"1582" 21 4 11 1 -4
"1583" 21 4 12 0 -3
"1584" 21 4 13 0 -3
"1585" 21 4 14 0 -3
"1586" 21 4 15 0 -3
"1587" 21 1 1 1 3
"1588" 21 1 2 1 3
"1589" 21 1 3 1 3
"1590" 21 1 4 0 4
"1591" 21 1 5 0 4
"1592" 21 1 6 0 4
"1593" 21 1 7 1 3
"1594" 21 1 8 1 3
"1595" 21 1 9 1 3
"1596" 21 1 10 1 3
"1597" 21 1 11 0 4
"1598" 21 2 1 0 0
"1599" 21 2 2 0 0
"1600" 21 2 3 0 4
"1601" 21 2 4 0 0
"1602" 21 2 5 1 0
"1603" 21 2 6 1 0
"1604" 21 2 7 1 3
"1605" 21 2 8 1 0
"1606" 21 2 9 1 3
"1607" 21 2 10 0 4
"1608" 21 2 11 0 0
"1609" 21 3 1 0 -3
"1610" 21 3 2 0 -3
"1611" 21 3 3 0 -3
"1612" 21 3 4 0 -3
"1613" 21 3 5 1 0
"1614" 21 3 6 1 0
"1615" 21 3 7 1 -32
"1616" 21 3 8 1 0
"1617" 21 3 9 0 -3
"1618" 21 3 10 0 -3
"1619" 21 3 11 0 -3
"1620" 21 5 1 0 0
"1621" 21 5 2 0 0
"1622" 21 5 3 0 0
"1623" 21 5 4 1 3
"1624" 21 5 5 1 3
"1625" 21 5 6 1 3
"1626" 21 5 7 1 3
"1627" 21 5 8 0 32
"1628" 21 5 9 0 0
"1629" 21 5 10 0 0
"1630" 21 5 11 0 0
"1631" 21 5 12 0 0
"1632" 21 5 13 0 0
"1633" 21 5 14 0 0
"1634" 21 5 15 0 0
"1635" 22 2 1 1 3
"1636" 22 2 2 0 4
"1637" 22 2 3 0 0
"1638" 22 2 4 0 0
"1639" 22 2 5 0 0
"1640" 22 2 6 1 3
"1641" 22 2 7 1 3
"1642" 22 2 8 1 3
"1643" 22 4 1 1 -4
"1644" 22 4 2 1 0
"1645" 22 4 3 1 -4
"1646" 22 4 4 1 -4
"1647" 22 4 5 0 -3
"1648" 22 4 6 0 -3
"1649" 22 4 7 0 -3
"1650" 22 4 8 0 -3
"1651" 22 4 9 0 -3
"1652" 22 4 10 1 -4
"1653" 22 4 11 1 -4
"1654" 22 4 12 1 -4
"1655" 22 4 13 1 -4
"1656" 22 4 14 0 -3
"1657" 22 6 1 1 3
"1658" 22 6 2 1 0
"1659" 22 6 3 1 0
"1660" 22 6 4 1 0
"1661" 22 6 5 0 0
"1662" 22 6 6 0 0
"1663" 22 6 7 0 0
"1664" 22 6 8 0 0
"1665" 22 6 9 0 0
"1666" 22 5 1 1 3
"1667" 22 5 2 1 3
"1668" 22 5 3 1 3
"1669" 22 5 4 1 3
"1670" 22 5 5 1 3
"1671" 22 5 6 0 0
"1672" 22 5 7 0 0
"1673" 22 5 8 0 0
"1674" 22 5 9 0 0
"1675" 22 1 1 0 4
"1676" 22 1 2 0 0
"1677" 22 1 3 0 4
"1678" 22 1 4 0 4
"1679" 22 1 5 0 4
"1680" 22 1 6 0 4
"1681" 22 1 7 1 3
"1682" 22 1 8 1 3
"1683" 22 1 9 1 3
"1684" 22 1 10 1 3
"1685" 22 1 11 1 3
"1686" 22 1 12 1 3
"1687" 22 3 1 1 0
"1688" 22 3 2 1 0
"1689" 22 3 3 1 0
"1690" 22 3 4 1 0
"1691" 22 3 5 1 0
"1692" 22 3 6 0 -3
"1693" 22 3 7 0 -3
"1694" 22 3 8 0 -3
"1695" 22 3 9 0 -3
"1696" 23 1 1 0 4
"1697" 23 1 2 0 4
"1698" 23 1 3 1 3
"1699" 23 1 4 1 3
"1700" 23 2 1 1 0
"1701" 23 2 2 0 0
"1702" 23 2 3 0 0
"1703" 23 2 4 0 4
"1704" 23 2 5 1 0
"1705" 23 2 6 1 0
"1706" 23 2 7 1 0
"1707" 23 2 8 1 0
"1708" 23 5 1 1 3
"1709" 23 5 2 1 3
"1710" 23 5 3 1 3
"1711" 23 5 4 1 3
"1712" 23 5 5 1 3
"1713" 23 5 6 0 0
"1714" 23 5 7 0 0
"1715" 23 5 8 0 0
"1716" 23 5 9 0 0
"1717" 23 5 10 0 0
"1718" 23 5 11 0 32
"1719" 23 5 12 0 0
"1720" 23 5 13 0 0
"1721" 23 5 14 1 3
"1722" 23 5 15 1 3
"1723" 23 5 16 1 3
"1724" 23 5 17 1 3
"1725" 23 5 18 1 3
"1726" 23 5 19 1 3
"1727" 23 3 1 0 -3
"1728" 23 3 2 0 -3
"1729" 23 3 3 0 -3
"1730" 23 3 4 0 -3
"1731" 23 3 5 0 -3
"1732" 23 3 6 0 -3
"1733" 23 3 7 0 -3
"1734" 23 3 8 0 -3
"1735" 23 3 9 0 -3
"1736" 23 3 10 0 -3
"1737" 23 3 11 0 -3
"1738" 23 3 12 0 -3
"1739" 23 3 13 0 -3
"1740" 23 3 14 0 -3
"1741" 23 3 15 1 0
"1742" 23 3 16 1 0
"1743" 23 3 17 1 0
"1744" 23 3 18 1 0
"1745" 23 3 19 1 -32
"1746" 23 3 20 1 0
"1747" 23 3 21 1 0
"1748" 23 3 22 1 0
"1749" 23 3 23 1 0
"1750" 23 6 1 0 0
"1751" 23 6 2 0 0
"1752" 23 6 3 0 0
"1753" 23 6 4 0 0
"1754" 23 6 5 0 0
"1755" 23 6 6 0 0
"1756" 23 6 7 0 0
"1757" 23 6 8 0 0
"1758" 23 6 9 1 0
"1759" 23 6 10 1 0
"1760" 23 6 11 1 0
"1761" 23 6 12 1 3
"1762" 23 6 13 1 0
"1763" 23 6 14 1 0
"1764" 23 6 15 1 0
"1765" 23 4 1 1 -4
"1766" 23 4 2 1 -4
"1767" 23 4 3 1 -4
"1768" 23 4 4 1 0
"1769" 23 4 5 1 -4
"1770" 23 4 6 1 -4
"1771" 23 4 7 1 -4
"1772" 23 4 8 1 -4
"1773" 23 4 9 1 0
"1774" 23 4 10 0 -3
"1775" 23 4 11 0 -3
"1776" 23 4 12 0 -3
"1777" 23 4 13 0 -3
"1778" 23 4 14 0 -3
"1779" 23 4 15 0 -3
"1780" 23 4 16 0 -3
"1781" 23 4 17 0 -3
"1782" 23 4 18 0 -3
"1783" 23 4 19 0 -3
"1784" 23 4 20 1 -4
"1785" 23 4 21 1 -4
"1786" 23 4 22 1 -4
"1787" 23 4 23 1 0
"1788" 23 4 24 1 0
"1789" 23 4 25 1 -4
"1790" 24 3 1 1 0
"1791" 24 3 2 0 -3
"1792" 24 3 3 0 -3
"1793" 25 6 1 1 0
"1794" 25 6 2 0 0
"1795" 25 5 1 0 0
"1796" 25 5 2 1 3
"1797" 25 2 1 1 3
"1798" 25 2 2 0 0
"1799" 25 4 1 0 -3
"1800" 25 4 2 1 -4
"1801" 25 1 1 0 4
"1802" 25 1 2 1 3
"1803" 25 3 1 1 -32
"1804" 25 3 2 0 -3
"1805" 26 1 1 0 4
"1806" 26 1 2 0 4
"1807" 26 1 3 0 4
"1808" 26 1 4 0 4
"1809" 26 1 5 0 4
"1810" 26 1 6 0 4
"1811" 26 1 7 0 4
"1812" 26 1 8 0 4
"1813" 26 1 9 0 4
"1814" 26 1 10 0 0
"1815" 26 1 11 0 4
"1816" 26 1 12 1 3
"1817" 26 1 13 1 3
"1818" 26 1 14 1 3
"1819" 26 1 15 1 3
"1820" 26 1 16 1 3
"1821" 26 1 17 1 3
"1822" 26 1 18 1 3
"1823" 26 1 19 1 3
"1824" 26 1 20 1 3
"1825" 26 1 21 1 3
"1826" 26 1 22 1 3
"1827" 26 2 1 1 0
"1828" 26 2 2 1 0
"1829" 26 2 3 1 0
"1830" 26 2 4 1 3
"1831" 26 2 5 1 3
"1832" 26 2 6 1 3
"1833" 26 2 7 1 0
"1834" 26 2 8 1 0
"1835" 26 2 9 1 0
"1836" 26 2 10 1 0
"1837" 26 2 11 1 3
"1838" 26 2 12 1 3
"1839" 26 2 13 1 0
"1840" 26 2 14 1 3
"1841" 26 2 15 1 0
"1842" 26 2 16 1 0
"1843" 26 2 17 1 0
"1844" 26 2 18 1 0
"1845" 26 2 19 1 0
"1846" 26 2 20 1 0
"1847" 26 2 21 1 3
"1848" 26 2 22 0 4
"1849" 26 2 23 0 4
"1850" 26 2 24 0 0
"1851" 26 2 25 0 0
"1852" 26 2 26 0 0
"1853" 26 2 27 0 0
"1854" 26 2 28 0 4
"1855" 26 2 29 0 0
"1856" 26 2 30 0 4
"1857" 26 2 31 0 0
"1858" 26 2 32 0 0
"1859" 26 2 33 0 0
"1860" 26 2 34 0 0
"1861" 26 5 1 1 3
"1862" 26 5 2 1 3
"1863" 26 5 3 1 3
"1864" 26 5 4 1 3
"1865" 26 5 5 1 3
"1866" 26 5 6 1 3
"1867" 26 5 7 1 3
"1868" 26 5 8 1 3
"1869" 26 5 9 1 3
"1870" 26 5 10 1 3
"1871" 26 5 11 1 3
"1872" 26 5 12 0 0
"1873" 26 5 13 0 0
"1874" 26 5 14 0 0
"1875" 26 5 15 0 0
"1876" 26 5 16 0 0
"1877" 26 5 17 0 0
"1878" 26 5 18 0 0
"1879" 26 5 19 0 32
"1880" 26 5 20 0 0
"1881" 26 5 21 0 0
"1882" 26 5 22 0 0
"1883" 26 5 23 0 0
"1884" 26 5 24 0 0
"1885" 26 5 25 0 0
"1886" 26 5 26 0 0
"1887" 26 5 27 0 0
"1888" 26 5 28 0 0
"1889" 26 5 29 0 0
"1890" 26 5 30 0 0
"1891" 26 5 31 0 0
"1892" 26 5 32 0 0
"1893" 26 5 33 0 32
"1894" 26 3 1 1 0
"1895" 26 3 2 1 -32
"1896" 26 3 3 1 0
"1897" 26 3 4 1 0
"1898" 26 3 5 1 0
"1899" 26 3 6 1 -32
"1900" 26 3 7 1 0
"1901" 26 3 8 1 -32
"1902" 26 3 9 0 -3
"1903" 26 3 10 0 -3
"1904" 26 3 11 0 -3
"1905" 26 3 12 0 -3
"1906" 26 3 13 0 -3
"1907" 26 3 14 0 -3
"1908" 26 4 1 1 0
"1909" 26 4 2 1 -4
"1910" 26 4 3 1 -4
"1911" 26 4 4 1 0
"1912" 26 4 5 1 -4
"1913" 26 4 6 1 -4
"1914" 26 4 7 1 -4
"1915" 26 4 8 1 -4
"1916" 26 4 9 1 -4
"1917" 26 4 10 1 -4
"1918" 26 4 11 0 -3
"1919" 26 4 12 0 -3
"1920" 26 4 13 0 -3
"1921" 26 4 14 0 -3
"1922" 26 4 15 0 -3
"1923" 26 4 16 0 -3
"1924" 26 4 17 0 -3
"1925" 26 4 18 0 -3
"1926" 26 4 19 0 -3
"1927" 26 4 20 0 -3
"1928" 26 6 1 1 0
"1929" 26 6 2 1 0
"1930" 26 6 3 1 0
"1931" 26 6 4 1 0
"1932" 26 6 5 1 0
"1933" 26 6 6 1 0
"1934" 26 6 7 1 0
"1935" 26 6 8 0 0
"1936" 26 6 9 0 0
"1937" 26 6 10 0 0
"1938" 26 6 11 0 0
"1939" 26 6 12 0 0
"1940" 26 6 13 0 0
"1941" 26 6 14 0 0
"1942" 26 6 15 0 0
"1943" 26 6 16 0 0
"1944" 26 6 17 0 0
"1945" 26 6 18 0 0
"1946" 26 6 19 0 0
"1947" 26 6 20 1 0
"1948" 26 6 21 1 3
"1949" 27 1 1 0 4
"1950" 27 1 2 1 3
"1951" 27 1 3 0 4
"1952" 27 1 4 1 3
"1953" 27 6 1 1 3
"1954" 27 6 2 0 0
"1955" 27 6 3 0 0
"1956" 27 6 4 0 0
"1957" 27 6 5 1 0
"1958" 27 6 6 1 3
"1959" 27 6 7 1 0
"1960" 27 6 8 1 0
"1961" 27 6 9 1 0
"1962" 27 6 10 1 3
"1963" 27 6 11 1 0
"1964" 27 6 12 1 0
"1965" 27 6 13 1 0
"1966" 27 6 14 1 0
"1967" 27 4 1 0 -3
"1968" 27 4 2 0 -3
"1969" 27 4 3 0 -3
"1970" 27 4 4 0 -3
"1971" 27 4 5 0 -3
"1972" 27 4 6 0 -3
"1973" 27 4 7 1 0
"1974" 27 4 8 1 0
"1975" 27 4 9 1 0
"1976" 27 4 10 1 -4
"1977" 27 4 11 1 -4
"1978" 27 4 12 1 -4
"1979" 27 4 13 1 -4
"1980" 27 4 14 1 -4
"1981" 27 4 15 1 -4
"1982" 27 4 16 0 -3
"1983" 27 4 17 0 -3
"1984" 27 4 18 0 -3
"1985" 27 4 19 0 -3
"1986" 27 4 20 0 -3
"1987" 27 4 21 0 -3
"1988" 27 4 22 1 -4
"1989" 27 2 1 0 0
"1990" 27 2 2 1 0
"1991" 27 2 3 0 0
"1992" 27 2 4 1 0
"1993" 27 2 5 0 0
"1994" 27 2 6 0 4
"1995" 27 2 7 0 0
"1996" 27 2 8 0 0
"1997" 27 2 9 0 0
"1998" 27 2 10 0 4
"1999" 27 2 11 0 0
"2000" 27 2 12 0 0
"2001" 27 2 13 0 4
"2002" 27 2 14 0 0
"2003" 27 2 15 0 0
"2004" 27 2 16 1 0
"2005" 27 2 17 1 0
"2006" 27 2 18 1 0
"2007" 27 2 19 1 0
"2008" 27 2 20 1 0
"2009" 27 2 21 0 0
"2010" 27 3 1 0 -3
"2011" 27 3 2 0 -3
"2012" 27 3 3 0 -3
"2013" 27 3 4 0 -3
"2014" 27 3 5 0 -3
"2015" 27 3 6 0 -3
"2016" 27 3 7 0 -3
"2017" 27 3 8 0 -3
"2018" 27 3 9 0 -3
"2019" 27 3 10 0 -3
"2020" 27 3 11 1 0
"2021" 27 3 12 1 0
"2022" 27 3 13 1 0
"2023" 27 3 14 1 -32
"2024" 27 3 15 1 0
"2025" 27 3 16 1 0
"2026" 27 3 17 1 0
"2027" 27 3 18 1 0
"2028" 27 3 19 1 0
"2029" 27 3 20 1 0
"2030" 27 3 21 0 -3
"2031" 27 5 1 0 0
"2032" 27 5 2 0 0
"2033" 27 5 3 0 0
"2034" 27 5 4 0 0
"2035" 27 5 5 0 0
"2036" 27 5 6 0 0
"2037" 27 5 7 0 0
"2038" 27 5 8 0 0
"2039" 27 5 9 0 0
"2040" 27 5 10 0 0
"2041" 27 5 11 1 3
"2042" 27 5 12 1 3
"2043" 27 5 13 1 3
"2044" 28 4 1 1 -4
"2045" 28 4 2 1 -4
"2046" 28 4 3 1 -4
"2047" 28 4 4 1 -4
"2048" 28 4 5 1 0
"2049" 28 4 6 1 -4
"2050" 28 4 7 1 -4
"2051" 28 4 8 1 -4
"2052" 28 4 9 1 -4
"2053" 28 4 10 1 -4
"2054" 28 4 11 0 -3
"2055" 28 4 12 0 -3
"2056" 28 4 13 0 -3
"2057" 28 4 14 0 -3
"2058" 28 4 15 0 -3
"2059" 28 4 16 0 -3
"2060" 28 4 17 0 -3
"2061" 28 4 18 0 -3
"2062" 28 4 19 1 -4
"2063" 28 4 20 1 -4
"2064" 28 4 21 1 0
"2065" 28 4 22 1 -4
"2066" 28 4 23 1 -4
"2067" 28 4 24 1 -4
"2068" 28 4 25 1 -4
"2069" 28 4 26 1 -4
"2070" 28 4 27 1 -4
"2071" 28 4 28 1 -4
"2072" 28 4 29 0 -3
"2073" 28 4 30 0 -3
"2074" 28 4 31 0 -3
"2075" 28 4 32 0 -3
"2076" 28 4 33 0 -3
"2077" 28 4 34 0 -3
"2078" 28 4 35 0 -3
"2079" 28 4 36 0 -3
"2080" 28 4 37 0 -3
"2081" 28 4 38 0 -3
"2082" 28 4 39 0 -3
"2083" 28 4 40 0 -3
"2084" 28 4 41 0 -3
"2085" 28 4 42 0 -3
"2086" 28 4 43 0 -3
"2087" 28 6 1 1 0
"2088" 28 6 2 1 0
"2089" 28 6 3 1 0
"2090" 28 6 4 1 0
"2091" 28 6 5 1 0
"2092" 28 6 6 1 0
"2093" 28 6 7 1 0
"2094" 28 6 8 1 0
"2095" 28 6 9 1 0
"2096" 28 6 10 1 0
"2097" 28 6 11 1 0
"2098" 28 6 12 1 3
"2099" 28 6 13 1 0
"2100" 28 6 14 0 0
"2101" 28 6 15 0 0
"2102" 28 6 16 0 0
"2103" 28 6 17 0 0
"2104" 28 6 18 0 0
"2105" 28 6 19 0 32
"2106" 28 6 20 0 0
"2107" 28 6 21 0 0
"2108" 28 6 22 0 0
"2109" 28 6 23 0 0
"2110" 28 6 24 0 0
"2111" 28 6 25 0 0
"2112" 28 6 26 0 0
"2113" 28 6 27 0 0
"2114" 28 6 28 0 0
"2115" 28 6 29 0 0
"2116" 28 6 30 0 0
"2117" 28 6 31 0 0
"2118" 28 6 32 0 0
"2119" 28 6 33 0 0
"2120" 28 6 34 0 0
"2121" 28 6 35 1 0
"2122" 28 6 36 1 0
"2123" 28 6 37 1 0
"2124" 28 6 38 1 0
"2125" 28 6 39 1 0
"2126" 28 6 40 1 3
"2127" 28 6 41 1 0
"2128" 28 6 42 1 0
"2129" 28 6 43 1 3
"2130" 28 6 44 1 3
"2131" 28 1 1 0 4
"2132" 28 1 2 0 4
"2133" 28 1 3 0 4
"2134" 28 1 4 0 4
"2135" 28 1 5 0 4
"2136" 28 1 6 0 4
"2137" 28 1 7 0 4
"2138" 28 1 8 0 4
"2139" 28 1 9 0 4
"2140" 28 1 10 0 0
"2141" 28 1 11 0 4
"2142" 28 1 12 1 3
"2143" 28 1 13 1 3
"2144" 28 1 14 1 3
"2145" 28 1 15 1 3
"2146" 28 1 16 1 3
"2147" 28 1 17 1 3
"2148" 28 1 18 1 3
"2149" 28 1 19 1 3
"2150" 28 1 20 1 3
"2151" 28 1 21 1 3
"2152" 28 1 22 1 3
"2153" 28 1 23 1 3
"2154" 28 1 24 1 3
"2155" 28 1 25 1 3
"2156" 28 5 1 1 3
"2157" 28 5 2 1 3
"2158" 28 5 3 1 3
"2159" 28 5 4 0 0
"2160" 28 5 5 0 0
"2161" 28 5 6 0 0
"2162" 28 5 7 0 0
"2163" 28 5 8 0 0
"2164" 28 5 9 0 0
"2165" 28 5 10 0 0
"2166" 28 5 11 0 0
"2167" 28 5 12 0 0
"2168" 28 5 13 0 0
"2169" 28 5 14 0 32
"2170" 28 5 15 1 3
"2171" 28 5 16 1 3
"2172" 28 5 17 1 3
"2173" 28 5 18 1 3
"2174" 28 5 19 1 3
"2175" 28 5 20 1 3
"2176" 28 5 21 1 3
"2177" 28 5 22 1 3
"2178" 28 5 23 1 3
"2179" 28 5 24 1 3
"2180" 28 5 25 1 3
"2181" 28 5 26 1 3
"2182" 28 5 27 1 3
"2183" 28 2 1 1 0
"2184" 28 2 2 1 0
"2185" 28 2 3 1 0
"2186" 28 2 4 1 3
"2187" 28 2 5 1 0
"2188" 28 2 6 1 0
"2189" 28 2 7 1 0
"2190" 28 2 8 1 0
"2191" 28 2 9 1 3
"2192" 28 2 10 1 0
"2193" 28 2 11 1 0
"2194" 28 2 12 1 3
"2195" 28 2 13 0 0
"2196" 28 2 14 0 0
"2197" 28 2 15 0 4
"2198" 28 2 16 0 0
"2199" 28 2 17 0 0
"2200" 28 2 18 0 0
"2201" 28 2 19 0 0
"2202" 28 2 20 0 0
"2203" 28 2 21 0 0
"2204" 28 2 22 0 0
"2205" 28 2 23 0 0
"2206" 28 2 24 0 0
"2207" 28 2 25 0 4
"2208" 28 2 26 1 3
"2209" 28 2 27 1 0
"2210" 28 2 28 1 0
"2211" 28 2 29 1 0
"2212" 28 2 30 1 0
"2213" 28 2 31 1 0
"2214" 28 2 32 1 0
"2215" 28 2 33 1 0
"2216" 28 2 34 1 0
"2217" 28 2 35 1 0
"2218" 28 2 36 1 0
"2219" 28 2 37 1 3
"2220" 28 3 1 1 0
"2221" 28 3 2 1 -32
"2222" 28 3 3 1 0
"2223" 28 3 4 1 0
"2224" 28 3 5 1 0
"2225" 28 3 6 1 -32
"2226" 28 3 7 1 0
"2227" 28 3 8 1 0
"2228" 28 3 9 1 0
"2229" 28 3 10 1 0
"2230" 28 3 11 1 0
"2231" 28 3 12 1 0
"2232" 28 3 13 1 0
"2233" 28 3 14 1 0
"2234" 28 3 15 1 0
"2235" 28 3 16 1 -32
"2236" 28 3 17 0 -3
"2237" 28 3 18 0 -3
"2238" 28 3 19 0 -3
"2239" 28 3 20 0 -3
"2240" 28 3 21 0 -3
"2241" 28 3 22 0 -3
"2242" 28 3 23 0 -3
"2243" 28 3 24 0 -3
"2244" 28 3 25 0 -3
"2245" 28 3 26 0 -3
"2246" 28 3 27 0 -3
"2247" 28 3 28 0 -3
"2248" 28 3 29 0 -3
"2249" 28 3 30 0 -3
"2250" 28 3 31 0 -3
"2251" 28 3 32 1 -32
"2252" 28 3 33 1 0
"2253" 28 3 34 1 0
"2254" 28 3 35 1 0
"2255" 28 3 36 1 0
"2256" 28 3 37 1 -32
"2257" 28 3 38 1 0
"2258" 28 3 39 1 0
"2259" 28 3 40 1 -32
"2260" 28 3 41 1 0
"2261" 28 3 42 1 0
"2262" 28 3 43 1 0
"2263" 28 3 44 1 0
"2264" 28 3 45 1 0
"2265" 28 3 46 1 0
"2266" 28 3 47 1 0
"2267" 28 3 48 1 0
"2268" 28 3 49 1 0
"2269" 28 3 50 1 0
"2270" 28 3 51 1 0
"2271" 28 3 52 1 0
"2272" 28 3 53 1 0
"2273" 28 3 54 1 0
"2274" 28 3 55 1 0
"2275" 28 3 56 1 0
"2276" 28 3 57 1 0
"2277" 28 3 58 1 0
"2278" 28 3 59 1 0
"2279" 28 3 60 1 -32
"2280" 28 3 61 1 0
"2281" 28 3 62 0 -3
"2282" 28 3 63 0 -3
"2283" 29 6 1 1 0
"2284" 29 6 2 1 3
"2285" 29 6 3 1 0
"2286" 29 6 4 1 3
"2287" 29 6 5 1 0
"2288" 29 6 6 1 0
"2289" 29 6 7 1 0
"2290" 29 6 8 1 0
"2291" 29 6 9 1 0
"2292" 29 6 10 1 0
"2293" 29 6 11 1 0
"2294" 29 6 12 0 0
"2295" 29 6 13 0 0
"2296" 29 6 14 0 0
"2297" 29 6 15 0 0
"2298" 29 6 16 0 0
"2299" 29 6 17 0 0
"2300" 29 6 18 0 0
"2301" 29 6 19 0 0
"2302" 29 6 20 0 0
"2303" 29 6 21 0 0
"2304" 29 6 22 0 0
"2305" 29 6 23 0 0
"2306" 29 6 24 0 0
"2307" 29 6 25 0 0
"2308" 29 6 26 0 0
"2309" 29 6 27 0 0
"2310" 29 6 28 0 0
"2311" 29 6 29 1 3
"2312" 29 6 30 1 3
"2313" 29 2 1 1 3
"2314" 29 2 2 1 0
"2315" 29 2 3 1 0
"2316" 29 2 4 1 0
"2317" 29 2 5 1 3
"2318" 29 2 6 1 0
"2319" 29 2 7 1 0
"2320" 29 2 8 1 0
"2321" 29 2 9 1 0
"2322" 29 2 10 1 0
"2323" 29 2 11 1 0
"2324" 29 2 12 1 0
"2325" 29 2 13 0 0
"2326" 29 2 14 0 0
"2327" 29 2 15 0 0
"2328" 29 2 16 0 4
"2329" 29 2 17 0 0
"2330" 29 2 18 0 0
"2331" 29 2 19 0 0
"2332" 29 2 20 0 0
"2333" 29 2 21 0 0
"2334" 29 2 22 0 0
"2335" 29 2 23 0 0
"2336" 29 2 24 0 4
"2337" 29 2 25 0 0
"2338" 29 2 26 1 3
"2339" 29 2 27 1 0
"2340" 29 2 28 1 3
"2341" 29 4 1 1 -4
"2342" 29 4 2 1 -4
"2343" 29 4 3 1 -4
"2344" 29 4 4 1 -4
"2345" 29 4 5 1 0
"2346" 29 4 6 1 -4
"2347" 29 4 7 0 -3
"2348" 29 4 8 0 -3
"2349" 29 4 9 0 -3
"2350" 29 4 10 0 -3
"2351" 29 4 11 0 -3
"2352" 29 4 12 0 -3
"2353" 29 4 13 0 -3
"2354" 29 4 14 0 -3
"2355" 29 4 15 1 0
"2356" 29 4 16 1 -4
"2357" 29 4 17 1 -4
"2358" 29 4 18 1 0
"2359" 29 4 19 1 -4
"2360" 29 4 20 1 -4
"2361" 29 4 21 1 0
"2362" 29 4 22 1 0
"2363" 29 4 23 1 -4
"2364" 29 4 24 0 -3
"2365" 29 4 25 0 -3
"2366" 29 4 26 0 -3
"2367" 29 4 27 0 -3
"2368" 29 4 28 0 -3
"2369" 29 4 29 0 -3
"2370" 29 5 1 1 3
"2371" 29 5 2 1 3
"2372" 29 5 3 1 3
"2373" 29 5 4 1 3
"2374" 29 5 5 1 3
"2375" 29 5 6 1 3
"2376" 29 5 7 1 3
"2377" 29 5 8 1 3
"2378" 29 5 9 1 3
"2379" 29 5 10 1 3
"2380" 29 5 11 0 0
"2381" 29 5 12 0 0
"2382" 29 5 13 0 32
"2383" 29 5 14 0 0
"2384" 29 5 15 0 0
"2385" 29 5 16 0 0
"2386" 29 5 17 0 0
"2387" 29 5 18 0 0
"2388" 29 5 19 0 0
"2389" 29 5 20 0 0
"2390" 29 1 1 0 0
"2391" 29 1 2 0 0
"2392" 29 1 3 0 4
"2393" 29 1 4 0 4
"2394" 29 1 5 0 4
"2395" 29 1 6 0 4
"2396" 29 1 7 0 4
"2397" 29 1 8 0 4
"2398" 29 1 9 0 4
"2399" 29 1 10 0 4
"2400" 29 1 11 1 3
"2401" 29 1 12 1 3
"2402" 29 1 13 1 3
"2403" 29 1 14 1 3
"2404" 29 1 15 1 3
"2405" 29 1 16 1 3
"2406" 29 1 17 1 3
"2407" 29 1 18 1 3
"2408" 29 1 19 1 3
"2409" 29 1 20 1 3
"2410" 29 3 1 1 0
"2411" 29 3 2 1 0
"2412" 29 3 3 1 0
"2413" 29 3 4 1 0
"2414" 29 3 5 1 0
"2415" 29 3 6 1 0
"2416" 29 3 7 1 0
"2417" 29 3 8 1 0
"2418" 29 3 9 1 0
"2419" 29 3 10 1 0
"2420" 29 3 11 0 -3
"2421" 29 3 12 0 -3
"2422" 29 3 13 0 -3
"2423" 29 3 14 0 -3
"2424" 29 3 15 0 -3
"2425" 29 3 16 0 -3
"2426" 29 3 17 0 -3
"2427" 29 3 18 0 -3
"2428" 29 3 19 0 -3
"2429" 29 3 20 0 -3
"2430" 30 3 1 1 0
"2431" 30 3 2 1 0
"2432" 30 3 3 1 0
"2433" 30 3 4 1 0
"2434" 30 3 5 1 0
"2435" 30 3 6 1 0
"2436" 30 3 7 0 -3
"2437" 30 3 8 0 -3
"2438" 30 3 9 0 -3
"2439" 30 3 10 0 -3
"2440" 30 3 11 0 -3
"2441" 30 3 12 1 0
"2442" 30 4 1 1 -4
"2443" 30 4 2 1 -4
"2444" 30 4 3 1 -4
"2445" 30 4 4 1 -4
"2446" 30 4 5 1 -4
"2447" 30 4 6 0 -3
"2448" 30 4 7 0 -3
"2449" 30 4 8 0 -3
"2450" 30 4 9 0 -3
"2451" 30 4 10 0 -3
"2452" 30 4 11 1 0
"2453" 30 4 12 1 0
"2454" 30 4 13 1 0
"2455" 30 4 14 1 0
"2456" 30 4 15 1 -4
"2457" 30 4 16 0 -3
"2458" 30 4 17 0 -3
"2459" 30 4 18 0 -3
"2460" 30 1 1 0 4
"2461" 30 1 2 0 4
"2462" 30 1 3 0 0
"2463" 30 1 4 0 4
"2464" 30 1 5 0 4
"2465" 30 1 6 0 4
"2466" 30 1 7 1 3
"2467" 30 1 8 1 3
"2468" 30 1 9 1 3
"2469" 30 1 10 1 3
"2470" 30 1 11 1 3
"2471" 30 1 12 1 3
"2472" 30 1 13 1 3
"2473" 30 6 1 1 0
"2474" 30 6 2 1 0
"2475" 30 6 3 1 3
"2476" 30 6 4 1 0
"2477" 30 6 5 1 0
"2478" 30 6 6 1 0
"2479" 30 6 7 1 0
"2480" 30 6 8 0 0
"2481" 30 6 9 0 0
"2482" 30 6 10 0 0
"2483" 30 6 11 0 0
"2484" 30 6 12 0 0
"2485" 30 6 13 0 0
"2486" 30 6 14 0 0
"2487" 30 6 15 0 0
"2488" 30 6 16 0 0
"2489" 30 5 1 1 3
"2490" 30 5 2 1 3
"2491" 30 5 3 1 3
"2492" 30 5 4 1 3
"2493" 30 5 5 1 3
"2494" 30 5 6 0 0
"2495" 30 5 7 0 0
"2496" 30 5 8 0 0
"2497" 30 5 9 0 0
"2498" 30 5 10 0 0
"2499" 30 5 11 0 0
"2500" 30 5 12 0 0
"2501" 30 5 13 0 0
"2502" 30 2 1 1 3
"2503" 30 2 2 1 3
"2504" 30 2 3 1 3
"2505" 30 2 4 1 3
"2506" 30 2 5 1 0
"2507" 30 2 6 1 3
"2508" 30 2 7 0 0
"2509" 30 2 8 0 0
"2510" 30 2 9 0 4
"2511" 30 2 10 0 0
"2512" 31 2 1 1 3
"2513" 31 2 2 1 3
"2514" 31 2 3 1 0
"2515" 31 2 4 1 0
"2516" 31 2 5 1 3
"2517" 31 2 6 1 0
"2518" 31 2 7 1 3
"2519" 31 2 8 1 0
"2520" 31 2 9 1 0
"2521" 31 2 10 1 0
"2522" 31 2 11 1 3
"2523" 31 2 12 1 0
"2524" 31 2 13 1 0
"2525" 31 2 14 1 0
"2526" 31 2 15 0 4
"2527" 31 2 16 0 0
"2528" 31 2 17 0 4
"2529" 31 2 18 0 0
"2530" 31 2 19 0 0
"2531" 31 2 20 0 0
"2532" 31 2 21 0 0
"2533" 31 2 22 0 0
"2534" 31 2 23 0 0
"2535" 31 2 24 0 0
"2536" 31 2 25 0 4
"2537" 31 2 26 0 4
"2538" 31 2 27 0 0
"2539" 31 2 28 0 0
"2540" 31 2 29 0 0
"2541" 31 2 30 0 0
"2542" 31 2 31 0 4
"2543" 31 5 1 1 3
"2544" 31 5 2 1 3
"2545" 31 5 3 1 3
"2546" 31 5 4 1 3
"2547" 31 5 5 1 3
"2548" 31 5 6 1 3
"2549" 31 5 7 1 3
"2550" 31 5 8 1 3
"2551" 31 5 9 1 3
"2552" 31 5 10 1 3
"2553" 31 5 11 1 3
"2554" 31 5 12 1 3
"2555" 31 5 13 1 3
"2556" 31 5 14 0 0
"2557" 31 5 15 0 0
"2558" 31 5 16 0 0
"2559" 31 5 17 0 0
"2560" 31 5 18 0 0
"2561" 31 5 19 0 0
"2562" 31 5 20 0 0
"2563" 31 5 21 0 32
"2564" 31 5 22 0 0
"2565" 31 5 23 0 0
"2566" 31 1 1 0 4
"2567" 31 1 2 0 0
"2568" 31 1 3 0 0
"2569" 31 1 4 0 0
"2570" 31 1 5 0 4
"2571" 31 1 6 0 4
"2572" 31 1 7 0 0
"2573" 31 1 8 0 4
"2574" 31 1 9 0 4
"2575" 31 1 10 0 4
"2576" 31 1 11 0 4
"2577" 31 1 12 1 3
"2578" 31 1 13 1 3
"2579" 31 1 14 1 3
"2580" 31 1 15 1 3
"2581" 31 1 16 1 3
"2582" 31 1 17 1 3
"2583" 31 1 18 1 3
"2584" 31 1 19 1 3
"2585" 31 1 20 1 3
"2586" 31 1 21 1 3
"2587" 31 6 1 1 0
"2588" 31 6 2 1 0
"2589" 31 6 3 1 0
"2590" 31 6 4 1 3
"2591" 31 6 5 1 0
"2592" 31 6 6 1 0
"2593" 31 6 7 1 3
"2594" 31 6 8 1 0
"2595" 31 6 9 1 0
"2596" 31 6 10 1 0
"2597" 31 6 11 0 0
"2598" 31 6 12 0 0
"2599" 31 6 13 0 0
"2600" 31 6 14 0 0
"2601" 31 6 15 0 0
"2602" 31 6 16 0 0
"2603" 31 6 17 0 0
"2604" 31 6 18 0 0
"2605" 31 6 19 0 0
"2606" 31 6 20 0 0
"2607" 31 6 21 0 0
"2608" 31 6 22 0 0
"2609" 31 6 23 0 0
"2610" 31 6 24 0 0
"2611" 31 6 25 0 0
"2612" 31 6 26 0 0
"2613" 31 6 27 0 0
"2614" 31 6 28 0 0
"2615" 31 6 29 0 0
"2616" 31 6 30 0 0
"2617" 31 6 31 0 0
"2618" 31 6 32 0 0
"2619" 31 6 33 0 0
"2620" 31 6 34 0 0
"2621" 31 6 35 1 0
"2622" 31 3 1 1 0
"2623" 31 3 2 1 0
"2624" 31 3 3 1 0
"2625" 31 3 4 1 -32
"2626" 31 3 5 1 0
"2627" 31 3 6 1 -32
"2628" 31 3 7 1 0
"2629" 31 3 8 1 0
"2630" 31 3 9 1 0
"2631" 31 3 10 1 0
"2632" 31 3 11 1 0
"2633" 31 3 12 0 -3
"2634" 31 3 13 0 -3
"2635" 31 3 14 0 -3
"2636" 31 3 15 0 -3
"2637" 31 3 16 0 -3
"2638" 31 3 17 0 -3
"2639" 31 3 18 0 -3
"2640" 31 3 19 0 -3
"2641" 31 3 20 0 -3
"2642" 31 3 21 0 -3
"2643" 31 4 1 1 -4
"2644" 31 4 2 1 -4
"2645" 31 4 3 1 -4
"2646" 31 4 4 1 -4
"2647" 31 4 5 1 -4
"2648" 31 4 6 1 -4
"2649" 31 4 7 1 -4
"2650" 31 4 8 1 -4
"2651" 31 4 9 0 -3
"2652" 31 4 10 0 -3
"2653" 31 4 11 0 -3
"2654" 31 4 12 0 -3
"2655" 31 4 13 0 -3
"2656" 31 4 14 0 -3
"2657" 31 4 15 0 -3
"2658" 31 4 16 0 -3
"2659" 31 4 17 0 -3
"2660" 31 4 18 1 0
"2661" 31 4 19 1 -4
"2662" 31 4 20 1 -4
"2663" 32 4 1 1 -4
"2664" 32 4 2 1 -4
"2665" 32 4 3 0 -3
"2666" 32 4 4 0 -3
"2667" 32 1 1 0 4
"2668" 32 1 2 1 3
"2669" 32 1 3 0 4
"2670" 32 1 4 1 3
"2671" 32 1 5 0 0
"2672" 32 1 6 1 3
"2673" 32 1 7 0 4
"2674" 32 6 1 1 0
"2675" 32 6 2 0 0
"2676" 32 6 3 1 3
"2677" 32 6 4 0 0
"2678" 32 6 5 1 3
"2679" 32 6 6 0 0
"2680" 32 2 1 1 0
"2681" 32 2 2 0 0
"2682" 32 2 3 1 0
"2683" 32 2 4 0 0
"2684" 32 2 5 1 0
"2685" 32 2 6 0 0
"2686" 32 2 7 1 0
"2687" 32 2 8 0 0
"2688" 32 3 1 1 0
"2689" 32 3 2 0 -3
"2690" 32 3 3 1 -32
"2691" 32 3 4 0 -3
"2692" 32 3 5 1 0
"2693" 32 3 6 0 -3
"2694" 32 3 7 1 0
"2695" 32 3 8 0 -3
"2696" 32 3 9 1 0
"2697" 32 3 10 0 -3
"2698" 32 5 1 1 3
"2699" 32 5 2 0 0
"2700" 32 5 3 1 3
"2701" 32 5 4 0 0
"2702" 33 6 1 1 3
"2703" 33 6 2 1 0
"2704" 33 6 3 1 0
"2705" 33 6 4 0 0
"2706" 33 6 5 0 0
"2707" 33 6 6 0 0
"2708" 33 3 1 1 0
"2709" 33 3 2 1 0
"2710" 33 3 3 1 0
"2711" 33 3 4 0 -3
"2712" 33 3 5 0 -3
"2713" 33 3 6 0 -3
"2714" 33 3 7 0 -3
"2715" 33 3 8 0 -3
"2716" 33 3 9 0 -3
"2717" 33 3 10 1 0
"2718" 33 3 11 1 0
"2719" 33 3 12 1 0
"2720" 33 3 13 1 0
"2721" 33 3 14 0 -3
"2722" 33 5 1 1 3
"2723" 33 5 2 0 0
"2724" 33 5 3 1 3
"2725" 33 4 1 1 -4
"2726" 33 4 2 0 -3
"2727" 33 4 3 1 -4
"2728" 33 4 4 0 -3
"2729" 33 4 5 1 0
"2730" 33 4 6 0 -3
"2731" 33 4 7 1 -4
"2732" 33 4 8 0 -3
"2733" 33 4 9 1 -4
"2734" 33 4 10 0 -3
"2735" 33 4 11 1 -4
"2736" 33 4 12 0 -3
"2737" 33 4 13 1 -4
"2738" 33 4 14 0 -3
"2739" 33 4 15 1 -4
"2740" 33 4 16 0 -3
"2741" 33 4 17 1 -4
"2742" 33 4 18 1 -4
"2743" 33 4 19 1 0
"2744" 33 4 20 1 -4
"2745" 33 4 21 1 -4
"2746" 33 4 22 1 0
"2747" 33 4 23 1 -4
"2748" 33 4 24 1 0
"2749" 33 4 25 1 0
"2750" 33 2 1 1 0
"2751" 33 2 2 1 0
"2752" 33 2 3 0 0
"2753" 33 2 4 0 4
"2754" 33 2 5 0 0
"2755" 33 2 6 0 0
"2756" 33 2 7 0 0
"2757" 33 2 8 0 0
"2758" 33 2 9 0 0
"2759" 33 2 10 0 0
"2760" 33 2 11 0 0
"2761" 33 2 12 0 4
"2762" 33 2 13 1 3
"2763" 33 2 14 1 0
"2764" 33 2 15 1 0
"2765" 33 2 16 1 0
"2766" 33 2 17 1 0
"2767" 33 2 18 0 0
"2768" 33 2 19 0 0
"2769" 33 2 20 0 0
"2770" 33 2 21 0 4
"2771" 33 2 22 0 0
"2772" 33 2 23 0 4
"2773" 33 2 24 0 0
"2774" 33 2 25 0 0
"2775" 33 2 26 0 0
"2776" 33 1 1 0 0
"2777" 33 1 2 0 0
"2778" 33 1 3 1 3
"2779" 33 1 4 1 3
"2780" 34 5 1 1 3
"2781" 34 5 2 1 3
"2782" 34 5 3 1 3
"2783" 34 5 4 1 3
"2784" 34 5 5 1 3
"2785" 34 5 6 0 0
"2786" 34 5 7 1 3
"2787" 34 5 8 1 3
"2788" 34 6 1 0 0
"2789" 34 6 2 0 0
"2790" 34 6 3 1 0
"2791" 34 6 4 1 3
"2792" 34 6 5 1 0
"2793" 34 6 6 1 0
"2794" 34 6 7 1 3
"2795" 34 6 8 1 0
"2796" 34 6 9 1 0
"2797" 34 6 10 0 0
"2798" 34 6 11 0 0
"2799" 34 6 12 0 0
"2800" 34 6 13 0 0
"2801" 35 3 1 1 0
"2802" 35 3 2 0 -3
"2803" 35 3 3 0 -3
"2804" 35 3 4 1 0
"2805" 35 3 5 1 -32
"2806" 35 3 6 0 -3
"2807" 35 3 7 0 -3
"2808" 35 3 8 0 -3
"2809" 35 3 9 0 -3
"2810" 35 3 10 0 -3
"2811" 35 3 11 0 -3
"2812" 35 4 1 0 -3
"2813" 35 4 2 1 -4
"2814" 35 4 3 0 -3
"2815" 35 4 4 0 -3
"2816" 35 4 5 1 -4
"2817" 35 4 6 1 -4
"2818" 35 5 1 0 0
"2819" 35 5 2 0 0
"2820" 35 5 3 0 0
"2821" 35 5 4 0 0
"2822" 35 5 5 0 0
"2823" 35 5 6 1 3
"2824" 35 2 1 0 0
"2825" 35 2 2 1 3
"2826" 35 1 1 1 3
"2827" 35 1 2 1 3
"2828" 35 1 3 0 4
"2829" 35 1 4 0 4
"2830" 35 6 1 0 0
"2831" 35 6 2 1 0
"2832" 35 6 3 0 0
"2833" 35 6 4 0 0
"2834" 35 6 5 0 0
"2835" 35 6 6 0 0
"2836" 35 6 7 0 0
"2837" 35 6 8 0 0
"2838" 35 6 9 0 0
"2839" 35 6 10 0 0
"2840" 35 6 11 0 0
"2841" 35 6 12 0 0
"2842" 35 6 13 0 0
"2843" 35 6 14 0 0
"2844" 35 6 15 0 0
"2845" 35 6 16 0 0
"2846" 35 6 17 1 0
"2847" 35 6 18 1 3
"2848" 35 6 19 1 0
"2849" 35 6 20 1 0
"2850" 35 6 21 1 0
"2851" 35 6 22 1 0
"2852" 35 6 23 1 3
"2853" 35 6 24 1 0
"2854" 35 6 25 1 0
"2855" 35 6 26 1 3
"2856" 35 6 27 1 0
"2857" 36 2 1 1 3
"2858" 36 2 2 1 0
"2859" 36 2 3 1 3
"2860" 36 2 4 1 3
"2861" 36 2 5 1 0
"2862" 36 2 6 1 3
"2863" 36 2 7 1 0
"2864" 36 2 8 1 3
"2865" 36 2 9 1 0
"2866" 36 2 10 0 4
"2867" 36 2 11 0 0
"2868" 36 2 12 0 0
"2869" 36 2 13 0 4
"2870" 36 2 14 0 0
"2871" 36 2 15 0 0
"2872" 36 2 16 0 0
"2873" 36 2 17 0 4
"2874" 36 2 18 0 4
"2875" 36 2 19 0 0
"2876" 36 2 20 0 0
"2877" 36 2 21 0 0
"2878" 36 2 22 1 0
"2879" 36 2 23 1 0
"2880" 36 2 24 1 0
"2881" 36 2 25 1 3
"2882" 36 2 26 1 3
"2883" 36 2 27 1 0
"2884" 36 1 1 0 4
"2885" 36 1 2 0 4
"2886" 36 1 3 0 4
"2887" 36 1 4 0 4
"2888" 36 1 5 0 0
"2889" 36 1 6 0 4
"2890" 36 1 7 0 4
"2891" 36 1 8 0 4
"2892" 36 1 9 0 4
"2893" 36 1 10 0 4
"2894" 36 1 11 0 4
"2895" 36 1 12 0 4
"2896" 36 1 13 1 3
"2897" 36 1 14 1 3
"2898" 36 1 15 1 3
"2899" 36 1 16 1 3
"2900" 36 1 17 1 3
"2901" 36 1 18 1 3
"2902" 36 1 19 1 3
"2903" 36 1 20 1 3
"2904" 36 1 21 1 3
"2905" 36 3 1 1 0
"2906" 36 3 2 1 0
"2907" 36 3 3 1 0
"2908" 36 3 4 1 -32
"2909" 36 3 5 1 0
"2910" 36 3 6 1 0
"2911" 36 3 7 1 0
"2912" 36 3 8 1 0
"2913" 36 3 9 1 -32
"2914" 36 3 10 0 -3
"2915" 36 3 11 0 -3
"2916" 36 3 12 0 -3
"2917" 36 3 13 0 -3
"2918" 36 3 14 0 -3
"2919" 36 3 15 0 -3
"2920" 36 3 16 0 -3
"2921" 36 3 17 0 -3
"2922" 36 3 18 0 -3
"2923" 36 3 19 1 0
"2924" 36 3 20 1 0
"2925" 36 3 21 1 0
"2926" 36 3 22 1 0
"2927" 36 3 23 1 0
"2928" 36 3 24 1 0
"2929" 36 4 1 1 -4
"2930" 36 4 2 1 0
"2931" 36 4 3 1 -4
"2932" 36 4 4 1 0
"2933" 36 4 5 1 -4
"2934" 36 4 6 1 0
"2935" 36 4 7 0 -3
"2936" 36 4 8 0 -3
"2937" 36 4 9 0 -3
"2938" 36 4 10 0 -3
"2939" 36 4 11 0 -3
"2940" 36 4 12 0 -3
"2941" 36 4 13 0 -3
"2942" 36 4 14 0 -3
"2943" 36 4 15 1 0
"2944" 36 4 16 1 -4
"2945" 36 4 17 1 -4
"2946" 36 4 18 1 0
"2947" 36 4 19 1 0
"2948" 36 5 1 1 3
"2949" 36 5 2 1 3
"2950" 36 5 3 1 3
"2951" 36 5 4 1 3
"2952" 36 5 5 1 3
"2953" 36 5 6 1 3
"2954" 36 5 7 0 0
"2955" 36 5 8 0 0
"2956" 36 5 9 0 0
"2957" 36 5 10 0 32
"2958" 36 5 11 0 0
"2959" 36 5 12 0 0
"2960" 36 5 13 0 0
"2961" 36 5 14 0 0
"2962" 36 5 15 0 0
"2963" 36 6 1 1 0
"2964" 36 6 2 1 3
"2965" 36 6 3 1 0
"2966" 36 6 4 1 0
"2967" 36 6 5 1 0
"2968" 36 6 6 1 0
"2969" 36 6 7 1 0
"2970" 36 6 8 1 0
"2971" 36 6 9 1 0
"2972" 36 6 10 0 0
"2973" 36 6 11 0 0
"2974" 36 6 12 0 0
"2975" 36 6 13 0 32
"2976" 36 6 14 0 0
"2977" 36 6 15 0 0
"2978" 36 6 16 0 32
"2979" 37 1 1 1 3
"2980" 37 1 2 0 4
"2981" 37 1 3 1 3
"2982" 37 1 4 0 4
"2983" 37 2 1 1 0
"2984" 37 2 2 0 0
"2985" 37 2 3 1 0
"2986" 37 2 4 0 0
"2987" 37 2 5 1 0
"2988" 37 2 6 0 0
"2989" 37 2 7 0 0
"2990" 37 3 1 0 -3
"2991" 37 3 2 1 0
"2992" 37 3 3 0 -3
"2993" 37 3 4 1 0
"2994" 37 6 1 1 3
"2995" 37 6 2 0 0
"2996" 37 6 3 1 3
"2997" 37 6 4 0 0
"2998" 37 5 1 0 0
"2999" 37 5 2 1 3
"3000" 38 2 1 0 0
"3001" 38 2 2 0 0
"3002" 38 2 3 0 0
"3003" 38 2 4 0 0
"3004" 38 2 5 0 0
"3005" 38 2 6 1 3
"3006" 38 2 7 1 3
"3007" 38 2 8 1 0
"3008" 38 2 9 1 0
"3009" 38 2 10 1 0
"3010" 38 2 11 0 4
"3011" 38 2 12 0 0
"3012" 38 6 1 1 3
"3013" 38 6 2 0 0
"3014" 38 6 3 1 0
"3015" 38 6 4 0 0
"3016" 38 6 5 1 0
"3017" 38 6 6 0 32
"3018" 38 6 7 1 0
"3019" 38 6 8 0 0
"3020" 38 6 9 1 3
"3021" 38 6 10 0 32
"3022" 38 6 11 1 0
"3023" 38 6 12 0 0
"3024" 38 6 13 1 3
"3025" 38 6 14 0 0
"3026" 38 4 1 1 -4
"3027" 38 4 2 1 -4
"3028" 38 4 3 1 0
"3029" 38 4 4 1 0
"3030" 38 4 5 0 -3
"3031" 38 4 6 0 -3
"3032" 38 4 7 0 -3
"3033" 38 4 8 0 -3
"3034" 38 4 9 0 -3
"3035" 38 4 10 1 -4
"3036" 38 4 11 1 -4
"3037" 38 4 12 1 -4
"3038" 38 4 13 1 0
"3039" 38 4 14 1 -4
"3040" 38 4 15 0 -3
"3041" 38 4 16 0 -3
"3042" 38 5 1 1 3
"3043" 38 5 2 0 0
"3044" 38 5 3 1 3
"3045" 38 5 4 0 0
"3046" 38 5 5 1 3
"3047" 38 5 6 0 0
"3048" 38 5 7 1 3
"3049" 38 5 8 0 0
"3050" 38 5 9 1 3
"3051" 38 5 10 0 32
"3052" 38 5 11 1 3
"3053" 38 5 12 0 0
"3054" 38 5 13 1 3
"3055" 38 5 14 0 0
"3056" 38 1 1 0 4
"3057" 38 1 2 1 3
"3058" 38 1 3 0 4
"3059" 38 1 4 1 3
"3060" 38 1 5 0 4
"3061" 38 1 6 1 3
"3062" 38 1 7 0 0
"3063" 38 1 8 1 3
"3064" 38 1 9 0 0
"3065" 38 1 10 1 3
"3066" 38 1 11 0 4
"3067" 38 1 12 1 3
"3068" 38 1 13 0 4
"3069" 38 1 14 1 3
"3070" 38 1 15 0 4
"3071" 38 1 16 1 3
"3072" 38 3 1 0 -3
"3073" 38 3 2 1 -32
"3074" 38 3 3 0 -3
"3075" 38 3 4 1 0
"3076" 38 3 5 0 -3
"3077" 38 3 6 1 0
"3078" 38 3 7 0 -3
"3079" 38 3 8 1 0
"3080" 38 3 9 0 -3
"3081" 38 3 10 1 0
"3082" 39 5 1 1 3
"3083" 39 5 2 1 3
"3084" 39 5 3 0 0
"3085" 39 5 4 1 3
"3086" 39 1 1 0 4
"3087" 39 1 2 1 3
"3088" 39 1 3 1 3
"3089" 39 2 1 1 3
"3090" 39 2 2 0 0
"3091" 39 2 3 1 0
"3092" 39 2 4 0 0
"3093" 39 2 5 1 0
"3094" 39 2 6 0 0
"3095" 39 2 7 1 3
"3096" 39 2 8 0 0
"3097" 39 2 9 0 4
"3098" 39 2 10 0 0
"3099" 39 2 11 0 0
"3100" 39 2 12 1 0
"3101" 39 2 13 1 3
"3102" 39 2 14 1 0
"3103" 39 2 15 1 0
"3104" 39 2 16 1 0
"3105" 39 2 17 1 3
"3106" 39 2 18 0 0
"3107" 39 2 19 0 4
"3108" 39 3 1 1 0
"3109" 39 3 2 1 -32
"3110" 39 3 3 1 0
"3111" 39 3 4 1 0
"3112" 39 3 5 1 0
"3113" 39 3 6 1 -32
"3114" 39 3 7 0 -3
"3115" 39 3 8 0 -3
"3116" 39 3 9 0 -3
"3117" 39 3 10 0 -3
"3118" 39 3 11 0 -3
"3119" 39 3 12 0 -3
"3120" 39 3 13 0 -3
"3121" 39 3 14 1 0
"3122" 39 3 15 1 0
"3123" 39 3 16 1 0
"3124" 39 3 17 1 0
"3125" 39 3 18 1 0
"3126" 39 3 19 0 -3
"3127" 39 3 20 0 -3
"3128" 39 3 21 0 -3
"3129" 39 3 22 0 -3
"3130" 39 3 23 1 -32
"3131" 39 3 24 1 0
"3132" 39 3 25 1 0
"3133" 39 6 1 1 0
"3134" 39 6 2 1 3
"3135" 39 6 3 1 0
"3136" 39 6 4 1 0
"3137" 39 6 5 1 3
"3138" 39 6 6 0 0
"3139" 39 6 7 0 0
"3140" 39 6 8 0 0
"3141" 39 6 9 0 0
"3142" 39 6 10 0 0
"3143" 40 6 1 1 0
"3144" 40 6 2 0 0
"3145" 40 1 1 0 4
"3146" 40 1 2 1 3
"3147" 40 3 1 1 0
"3148" 40 3 2 0 -3
"3149" 40 5 1 1 3
"3150" 40 5 2 0 0
"3151" 40 4 1 0 -3
"3152" 40 4 2 1 -4
"3153" 40 2 1 0 0
"3154" 40 2 2 1 0
"3155" 41 3 1 1 0
"3156" 41 3 2 0 -3
"3157" 41 3 3 1 0
"3158" 41 3 4 1 0
"3159" 41 1 1 0 4
"3160" 41 1 2 1 3
"3161" 41 1 3 1 3
"3162" 41 1 4 0 4
"3163" 41 5 1 1 3
"3164" 41 5 2 0 0
"3165" 41 5 3 1 3
"3166" 41 6 1 1 0
"3167" 41 6 2 0 0
"3168" 41 2 1 1 0
"3169" 41 2 2 0 0
"3170" 41 2 3 0 0
"3171" 41 2 4 1 0
"3172" 41 2 5 0 0
"3173" 41 2 6 0 0
"3174" 41 4 1 1 -4
"3175" 41 4 2 0 -3
"3176" 41 4 3 0 -3
"3177" 42 4 1 1 -4
"3178" 42 4 2 1 -4
"3179" 42 4 3 0 -3
"3180" 42 6 1 0 0
"3181" 42 6 2 0 0
"3182" 42 6 3 1 0
"3183" 42 6 4 1 0
"3184" 42 6 5 0 0
"3185" 42 6 6 1 0
"3186" 42 6 7 0 0
"3187" 42 6 8 0 0
"3188" 42 6 9 1 0
"3189" 42 6 10 1 0
"3190" 42 2 1 0 0
"3191" 42 2 2 0 4
"3192" 42 2 3 0 0
"3193" 42 2 4 0 0
"3194" 42 2 5 0 0
"3195" 42 2 6 0 0
"3196" 42 2 7 0 4
"3197" 42 2 8 1 3
"3198" 42 2 9 1 3
"3199" 42 2 10 1 0
"3200" 42 2 11 1 0
"3201" 42 2 12 1 0
"3202" 42 2 13 1 0
"3203" 42 2 14 1 0
"3204" 42 2 15 1 0
"3205" 42 2 16 0 0
"3206" 42 2 17 0 4
"3207" 42 2 18 0 4
"3208" 42 2 19 0 0
"3209" 42 2 20 0 0
"3210" 42 2 21 0 0
"3211" 42 2 22 0 4
"3212" 42 2 23 0 0
"3213" 42 2 24 0 0
"3214" 42 2 25 0 0
"3215" 42 2 26 0 0
"3216" 42 1 1 1 3
"3217" 42 1 2 1 3
"3218" 42 1 3 1 3
"3219" 42 1 4 0 4
"3220" 42 1 5 0 4
"3221" 42 3 1 0 -3
"3222" 42 3 2 0 -3
"3223" 42 3 3 0 -3
"3224" 42 3 4 1 0
"3225" 42 3 5 1 0
"3226" 42 5 1 0 0
"3227" 42 5 2 0 0
"3228" 42 5 3 0 0
"3229" 42 5 4 1 3
"3230" 42 5 5 1 3
