"subject" "problem" "trial" "option" "outcome" "lastsample"
"1" 1 1 1 0 4 0
"2" 1 1 2 0 4 0
"3" 1 1 3 0 4 0
"4" 1 1 4 0 4 0
"5" 1 1 5 0 0 0
"6" 1 1 6 0 4 0
"7" 1 1 7 0 4 0
"8" 1 1 8 0 4 0
"9" 1 1 9 0 4 0
"10" 1 1 10 0 4 0
"11" 1 1 11 0 0 0
"12" 1 1 12 0 4 0
"13" 1 1 13 1 3 0
"14" 1 1 14 1 3 0
"15" 1 1 15 1 3 0
"16" 1 1 16 1 3 0
"17" 1 1 17 1 3 0
"18" 1 1 18 1 3 0
"19" 1 1 19 1 3 0
"20" 1 1 20 1 3 0
"21" 1 1 21 1 3 0
"22" 1 1 22 1 3 0
"23" 1 1 23 1 3 0
"24" 1 1 24 1 3 0
"25" 1 1 25 1 3 0
"26" 1 1 26 1 3 0
"27" 1 1 27 1 3 0
"28" 1 1 28 1 3 0
"29" 1 1 29 0 4 0
"30" 1 1 30 0 4 0
"31" 1 1 31 0 4 0
"32" 1 1 32 0 4 0
"33" 1 1 33 0 0 0
"34" 1 1 34 0 4 1
"35" 2 1 1 1 3 0
"36" 2 1 2 1 3 0
"37" 2 1 3 1 3 0
"38" 2 1 4 1 3 0
"39" 2 1 5 0 4 0
"40" 2 1 6 0 4 0
"41" 2 1 7 0 4 0
"42" 2 1 8 0 4 0
"43" 2 1 9 0 4 0
"44" 2 1 10 1 3 0
"45" 2 1 11 1 3 0
"46" 2 1 12 1 3 0
"47" 2 1 13 1 3 0
"48" 2 1 14 1 3 1
"49" 3 1 1 0 0 0
"50" 3 1 2 1 3 1
"51" 4 1 1 1 3 0
"52" 4 1 2 0 4 1
"53" 5 1 1 1 3 0
"54" 5 1 2 1 3 0
"55" 5 1 3 1 3 0
"56" 5 1 4 1 3 0
"57" 5 1 5 0 4 0
"58" 5 1 6 0 4 0
"59" 5 1 7 0 4 0
"60" 5 1 8 0 4 1
"61" 6 1 1 1 3 0
"62" 6 1 2 1 3 0
"63" 6 1 3 1 3 0
"64" 6 1 4 0 4 0
"65" 6 1 5 0 4 0
"66" 6 1 6 1 3 0
"67" 6 1 7 0 0 0
"68" 6 1 8 0 4 0
"69" 6 1 9 1 3 0
"70" 6 1 10 1 3 0
"71" 6 1 11 0 4 0
"72" 6 1 12 0 4 0
"73" 6 1 13 0 4 0
"74" 6 1 14 0 4 0
"75" 6 1 15 1 3 1
"76" 7 1 1 0 4 0
"77" 7 1 2 0 0 0
"78" 7 1 3 0 0 0
"79" 7 1 4 0 4 0
"80" 7 1 5 0 4 0
"81" 7 1 6 0 4 0
"82" 7 1 7 0 4 0
"83" 7 1 8 0 4 0
"84" 7 1 9 0 4 0
"85" 7 1 10 0 4 0
"86" 7 1 11 1 3 0
"87" 7 1 12 1 3 0
"88" 7 1 13 1 3 0
"89" 7 1 14 1 3 0
"90" 7 1 15 1 3 0
"91" 7 1 16 1 3 0
"92" 7 1 17 1 3 0
"93" 7 1 18 0 4 0
"94" 7 1 19 0 4 0
"95" 7 1 20 0 4 0
"96" 7 1 21 0 4 0
"97" 7 1 22 0 4 0
"98" 7 1 23 0 4 0
"99" 7 1 24 0 4 0
"100" 7 1 25 0 4 0
"101" 7 1 26 0 4 0
"102" 7 1 27 0 4 0
"103" 7 1 28 0 4 0
"104" 7 1 29 0 0 0
"105" 7 1 30 0 4 0
"106" 7 1 31 0 4 0
"107" 7 1 32 0 4 0
"108" 7 1 33 1 3 0
"109" 7 1 34 1 3 0
"110" 7 1 35 1 3 0
"111" 7 1 36 1 3 1
"112" 8 1 1 1 3 0
"113" 8 1 2 1 3 0
"114" 8 1 3 0 4 0
"115" 8 1 4 1 3 0
"116" 8 1 5 0 0 0
"117" 8 1 6 0 0 0
"118" 8 1 7 1 3 0
"119" 8 1 8 0 4 0
"120" 8 1 9 1 3 0
"121" 8 1 10 0 4 0
"122" 8 1 11 1 3 0
"123" 8 1 12 0 4 0
"124" 8 1 13 1 3 0
"125" 8 1 14 0 4 0
"126" 8 1 15 1 3 0
"127" 8 1 16 0 4 0
"128" 8 1 17 1 3 0
"129" 8 1 18 0 4 0
"130" 8 1 19 1 3 0
"131" 8 1 20 0 0 0
"132" 8 1 21 1 3 0
"133" 8 1 22 0 4 0
"134" 8 1 23 1 3 0
"135" 8 1 24 0 4 0
"136" 8 1 25 1 3 0
"137" 8 1 26 0 0 0
"138" 8 1 27 1 3 1
"139" 9 1 1 1 3 0
"140" 9 1 2 0 0 0
"141" 9 1 3 1 3 0
"142" 9 1 4 0 4 0
"143" 9 1 5 1 3 0
"144" 9 1 6 0 4 0
"145" 9 1 7 1 3 0
"146" 9 1 8 0 4 0
"147" 9 1 9 1 3 0
"148" 9 1 10 0 4 0
"149" 9 1 11 1 3 0
"150" 9 1 12 0 4 0
"151" 9 1 13 1 3 0
"152" 9 1 14 0 4 0
"153" 9 1 15 1 3 0
"154" 9 1 16 0 4 0
"155" 9 1 17 1 3 0
"156" 9 1 18 0 4 1
"157" 10 1 1 0 4 0
"158" 10 1 2 0 4 0
"159" 10 1 3 0 0 0
"160" 10 1 4 0 4 0
"161" 10 1 5 0 4 0
"162" 10 1 6 0 4 0
"163" 10 1 7 0 4 0
"164" 10 1 8 0 4 0
"165" 10 1 9 0 0 0
"166" 10 1 10 0 4 0
"167" 10 1 11 0 4 0
"168" 10 1 12 0 4 0
"169" 10 1 13 0 4 0
"170" 10 1 14 0 4 0
"171" 10 1 15 0 4 0
"172" 10 1 16 0 4 0
"173" 10 1 17 0 4 0
"174" 10 1 18 0 4 0
"175" 10 1 19 0 4 0
"176" 10 1 20 0 0 0
"177" 10 1 21 0 4 0
"178" 10 1 22 0 4 0
"179" 10 1 23 0 0 0
"180" 10 1 24 0 4 0
"181" 10 1 25 0 4 0
"182" 10 1 26 0 4 0
"183" 10 1 27 0 4 0
"184" 10 1 28 0 4 0
"185" 10 1 29 0 4 0
"186" 10 1 30 0 4 0
"187" 10 1 31 0 0 0
"188" 10 1 32 0 0 0
"189" 10 1 33 0 4 0
"190" 10 1 34 0 4 0
"191" 10 1 35 0 4 0
"192" 10 1 36 0 4 0
"193" 10 1 37 1 3 0
"194" 10 1 38 1 3 0
"195" 10 1 39 1 3 0
"196" 10 1 40 1 3 0
"197" 10 1 41 1 3 0
"198" 10 1 42 1 3 1
"199" 11 1 1 0 4 0
"200" 11 1 2 1 3 0
"201" 11 1 3 0 4 0
"202" 11 1 4 1 3 0
"203" 11 1 5 0 4 0
"204" 11 1 6 1 3 0
"205" 11 1 7 0 0 0
"206" 11 1 8 1 3 0
"207" 11 1 9 0 4 0
"208" 11 1 10 1 3 0
"209" 11 1 11 0 4 0
"210" 11 1 12 1 3 0
"211" 11 1 13 0 4 0
"212" 11 1 14 1 3 0
"213" 11 1 15 0 4 0
"214" 11 1 16 0 4 0
"215" 11 1 17 0 4 0
"216" 11 1 18 0 4 0
"217" 11 1 19 0 0 0
"218" 11 1 20 0 4 1
"219" 12 1 1 0 4 0
"220" 12 1 2 1 3 0
"221" 12 1 3 0 0 0
"222" 12 1 4 1 3 0
"223" 12 1 5 0 0 0
"224" 12 1 6 1 3 0
"225" 12 1 7 0 4 0
"226" 12 1 8 1 3 0
"227" 12 1 9 0 4 0
"228" 12 1 10 1 3 1
"229" 13 1 1 1 3 0
"230" 13 1 2 0 4 0
"231" 13 1 3 1 3 0
"232" 13 1 4 0 4 0
"233" 13 1 5 0 4 0
"234" 13 1 6 1 3 1
"235" 14 1 1 0 4 0
"236" 14 1 2 0 4 0
"237" 14 1 3 0 4 0
"238" 14 1 4 0 4 0
"239" 14 1 5 0 4 0
"240" 14 1 6 0 0 0
"241" 14 1 7 0 4 0
"242" 14 1 8 1 3 0
"243" 14 1 9 1 3 0
"244" 14 1 10 1 3 0
"245" 14 1 11 1 3 0
"246" 14 1 12 1 3 0
"247" 14 1 13 1 3 0
"248" 14 1 14 1 3 0
"249" 14 1 15 1 3 0
"250" 14 1 16 1 3 0
"251" 14 1 17 0 4 1
"252" 15 1 1 0 4 0
"253" 15 1 2 1 3 0
"254" 15 1 3 0 4 0
"255" 15 1 4 1 3 0
"256" 15 1 5 0 4 0
"257" 15 1 6 1 3 0
"258" 15 1 7 0 4 0
"259" 15 1 8 1 3 0
"260" 15 1 9 0 4 1
"261" 16 1 1 0 4 0
"262" 16 1 2 0 4 0
"263" 16 1 3 0 4 0
"264" 16 1 4 0 4 0
"265" 16 1 5 0 4 0
"266" 16 1 6 0 4 0
"267" 16 1 7 0 4 0
"268" 16 1 8 0 0 0
"269" 16 1 9 0 4 0
"270" 16 1 10 1 3 0
"271" 16 1 11 1 3 0
"272" 16 1 12 1 3 0
"273" 16 1 13 1 3 0
"274" 16 1 14 1 3 0
"275" 16 1 15 1 3 0
"276" 16 1 16 1 3 0
"277" 16 1 17 1 3 0
"278" 16 1 18 1 3 0
"279" 16 1 19 1 3 1
"280" 17 1 1 0 4 0
"281" 17 1 2 1 3 0
"282" 17 1 3 1 3 0
"283" 17 1 4 0 4 1
"284" 18 1 1 0 4 0
"285" 18 1 2 0 4 0
"286" 18 1 3 0 0 0
"287" 18 1 4 0 4 0
"288" 18 1 5 0 4 0
"289" 18 1 6 0 4 0
"290" 18 1 7 0 4 0
"291" 18 1 8 0 4 0
"292" 18 1 9 0 0 0
"293" 18 1 10 0 4 0
"294" 18 1 11 0 4 0
"295" 18 1 12 1 3 0
"296" 18 1 13 1 3 0
"297" 18 1 14 1 3 0
"298" 18 1 15 1 3 0
"299" 18 1 16 1 3 0
"300" 18 1 17 1 3 0
"301" 18 1 18 1 3 0
"302" 18 1 19 1 3 0
"303" 18 1 20 0 0 0
"304" 18 1 21 1 3 0
"305" 18 1 22 0 0 0
"306" 18 1 23 0 4 0
"307" 18 1 24 0 4 0
"308" 18 1 25 1 3 0
"309" 18 1 26 1 3 0
"310" 18 1 27 0 4 0
"311" 18 1 28 1 3 0
"312" 18 1 29 0 4 0
"313" 18 1 30 1 3 0
"314" 18 1 31 0 4 0
"315" 18 1 32 1 3 0
"316" 18 1 33 0 0 0
"317" 18 1 34 1 3 0
"318" 18 1 35 0 4 0
"319" 18 1 36 1 3 0
"320" 18 1 37 0 4 0
"321" 18 1 38 1 3 0
"322" 18 1 39 0 4 0
"323" 18 1 40 1 3 0
"324" 18 1 41 0 4 0
"325" 18 1 42 1 3 0
"326" 18 1 43 0 4 0
"327" 18 1 44 1 3 0
"328" 18 1 45 0 4 0
"329" 18 1 46 1 3 0
"330" 18 1 47 0 4 0
"331" 18 1 48 1 3 0
"332" 18 1 49 0 4 0
"333" 18 1 50 1 3 0
"334" 18 1 51 0 4 0
"335" 18 1 52 0 4 0
"336" 18 1 53 0 4 0
"337" 18 1 54 0 4 0
"338" 18 1 55 0 4 0
"339" 18 1 56 0 4 0
"340" 18 1 57 0 0 0
"341" 18 1 58 0 4 1
"342" 19 1 1 1 3 0
"343" 19 1 2 0 4 0
"344" 19 1 3 1 3 0
"345" 19 1 4 0 4 1
"346" 20 1 1 1 3 0
"347" 20 1 2 0 4 1
"348" 21 1 1 0 4 0
"349" 21 1 2 0 4 0
"350" 21 1 3 0 4 0
"351" 21 1 4 0 4 0
"352" 21 1 5 0 4 0
"353" 21 1 6 1 3 0
"354" 21 1 7 1 3 0
"355" 21 1 8 1 3 0
"356" 21 1 9 1 3 0
"357" 21 1 10 1 3 1
"358" 22 1 1 1 3 0
"359" 22 1 2 1 3 0
"360" 22 1 3 1 3 0
"361" 22 1 4 1 3 0
"362" 22 1 5 0 0 0
"363" 22 1 6 0 4 0
"364" 22 1 7 0 4 0
"365" 22 1 8 0 0 0
"366" 22 1 9 0 4 0
"367" 22 1 10 0 4 0
"368" 22 1 11 0 4 0
"369" 22 1 12 0 4 0
"370" 22 1 13 0 4 1
"371" 23 1 1 0 4 0
"372" 23 1 2 1 3 0
"373" 23 1 3 0 4 0
"374" 23 1 4 1 3 1
"375" 24 1 1 1 3 0
"376" 24 1 2 1 3 0
"377" 24 1 3 1 3 0
"378" 24 1 4 1 3 0
"379" 24 1 5 1 3 0
"380" 24 1 6 1 3 0
"381" 24 1 7 1 3 0
"382" 24 1 8 0 4 0
"383" 24 1 9 0 4 0
"384" 24 1 10 0 4 0
"385" 24 1 11 0 4 0
"386" 24 1 12 0 0 0
"387" 24 1 13 0 4 0
"388" 24 1 14 0 0 0
"389" 24 1 15 0 4 1
"390" 25 1 1 1 3 0
"391" 25 1 2 1 3 0
"392" 25 1 3 1 3 0
"393" 25 1 4 0 4 0
"394" 25 1 5 0 4 1
"395" 1 2 1 0 0 0
"396" 1 2 2 0 0 0
"397" 1 2 3 0 0 0
"398" 1 2 4 1 0 0
"399" 1 2 5 1 0 0
"400" 1 2 6 1 0 0
"401" 1 2 7 1 0 0
"402" 1 2 8 1 3 0
"403" 1 2 9 0 0 0
"404" 1 2 10 0 0 0
"405" 1 2 11 0 4 0
"406" 1 2 12 0 0 0
"407" 1 2 13 0 0 0
"408" 1 2 14 0 0 0
"409" 1 2 15 0 0 0
"410" 1 2 16 0 4 0
"411" 1 2 17 0 0 0
"412" 1 2 18 0 4 0
"413" 1 2 19 0 0 0
"414" 1 2 20 0 0 0
"415" 1 2 21 0 0 0
"416" 1 2 22 0 0 0
"417" 1 2 23 0 0 0
"418" 1 2 24 0 0 0
"419" 1 2 25 0 0 0
"420" 1 2 26 0 0 0
"421" 1 2 27 0 0 0
"422" 1 2 28 0 0 0
"423" 1 2 29 0 0 0
"424" 1 2 30 1 0 0
"425" 1 2 31 1 0 0
"426" 1 2 32 1 0 0
"427" 1 2 33 1 3 0
"428" 1 2 34 1 0 0
"429" 1 2 35 1 0 0
"430" 1 2 36 1 0 0
"431" 1 2 37 1 0 0
"432" 1 2 38 1 0 0
"433" 1 2 39 1 0 0
"434" 1 2 40 1 3 0
"435" 1 2 41 1 0 0
"436" 1 2 42 1 0 0
"437" 1 2 43 1 0 0
"438" 1 2 44 1 0 0
"439" 1 2 45 1 0 0
"440" 1 2 46 1 3 0
"441" 1 2 47 0 4 0
"442" 1 2 48 0 0 0
"443" 1 2 49 0 0 0
"444" 1 2 50 0 0 0
"445" 1 2 51 0 0 0
"446" 1 2 52 0 0 0
"447" 1 2 53 0 0 0
"448" 1 2 54 0 0 0
"449" 1 2 55 0 0 0
"450" 1 2 56 0 0 0
"451" 1 2 57 0 0 0
"452" 1 2 58 0 0 0
"453" 1 2 59 0 4 0
"454" 1 2 60 0 0 0
"455" 1 2 61 0 0 0
"456" 1 2 62 0 4 0
"457" 1 2 63 1 0 0
"458" 1 2 64 1 3 0
"459" 1 2 65 0 0 0
"460" 1 2 66 0 0 0
"461" 1 2 67 0 0 0
"462" 1 2 68 0 0 0
"463" 1 2 69 0 0 0
"464" 1 2 70 0 0 0
"465" 1 2 71 0 0 0
"466" 1 2 72 0 4 0
"467" 1 2 73 0 4 0
"468" 1 2 74 0 0 0
"469" 1 2 75 0 0 0
"470" 1 2 76 0 0 0
"471" 1 2 77 0 0 0
"472" 1 2 78 0 0 0
"473" 1 2 79 0 0 0
"474" 1 2 80 0 0 0
"475" 1 2 81 0 0 0
"476" 1 2 82 0 4 0
"477" 1 2 83 1 0 0
"478" 1 2 84 1 0 0
"479" 1 2 85 1 0 0
"480" 1 2 86 1 3 0
"481" 1 2 87 1 0 0
"482" 1 2 88 1 3 0
"483" 1 2 89 1 3 1
"484" 2 2 1 0 0 0
"485" 2 2 2 0 0 0
"486" 2 2 3 0 0 0
"487" 2 2 4 0 0 0
"488" 2 2 5 0 0 0
"489" 2 2 6 0 0 0
"490" 2 2 7 0 0 0
"491" 2 2 8 1 0 0
"492" 2 2 9 1 0 0
"493" 2 2 10 1 3 0
"494" 2 2 11 1 0 0
"495" 2 2 12 1 0 0
"496" 2 2 13 1 0 0
"497" 2 2 14 1 3 0
"498" 2 2 15 1 0 0
"499" 2 2 16 1 0 0
"500" 2 2 17 0 0 0
"501" 2 2 18 0 0 0
"502" 2 2 19 0 0 0
"503" 2 2 20 0 0 0
"504" 2 2 21 0 0 0
"505" 2 2 22 0 0 1
"506" 3 2 1 0 0 0
"507" 3 2 2 1 3 1
"508" 4 2 1 0 0 0
"509" 4 2 2 1 0 0
"510" 4 2 3 1 0 0
"511" 4 2 4 0 0 0
"512" 4 2 5 0 0 0
"513" 4 2 6 0 0 0
"514" 4 2 7 1 0 0
"515" 4 2 8 0 0 0
"516" 4 2 9 1 0 0
"517" 4 2 10 0 0 0
"518" 4 2 11 1 3 0
"519" 4 2 12 0 0 0
"520" 4 2 13 0 4 1
"521" 5 2 1 1 0 0
"522" 5 2 2 1 0 0
"523" 5 2 3 1 3 0
"524" 5 2 4 1 0 0
"525" 5 2 5 1 3 0
"526" 5 2 6 1 0 0
"527" 5 2 7 0 0 0
"528" 5 2 8 0 0 0
"529" 5 2 9 0 0 0
"530" 5 2 10 0 0 0
"531" 5 2 11 0 0 1
"532" 6 2 1 1 0 0
"533" 6 2 2 0 0 0
"534" 6 2 3 1 3 0
"535" 6 2 4 0 0 0
"536" 6 2 5 1 0 0
"537" 6 2 6 0 0 0
"538" 6 2 7 0 0 0
"539" 6 2 8 0 0 0
"540" 6 2 9 0 0 0
"541" 6 2 10 1 0 0
"542" 6 2 11 1 0 0
"543" 6 2 12 1 0 0
"544" 6 2 13 1 0 0
"545" 6 2 14 0 0 0
"546" 6 2 15 1 0 0
"547" 6 2 16 0 0 0
"548" 6 2 17 1 3 0
"549" 6 2 18 0 0 0
"550" 6 2 19 1 0 0
"551" 6 2 20 1 0 0
"552" 6 2 21 1 0 0
"553" 6 2 22 0 0 0
"554" 6 2 23 0 0 0
"555" 6 2 24 0 0 0
"556" 6 2 25 0 0 0
"557" 6 2 26 1 0 0
"558" 6 2 27 1 0 0
"559" 6 2 28 1 0 0
"560" 6 2 29 1 3 0
"561" 6 2 30 0 4 0
"562" 6 2 31 1 0 0
"563" 6 2 32 0 0 0
"564" 6 2 33 0 0 0
"565" 6 2 34 0 4 0
"566" 6 2 35 1 0 0
"567" 6 2 36 0 0 0
"568" 6 2 37 0 0 0
"569" 6 2 38 1 3 0
"570" 6 2 39 0 0 0
"571" 6 2 40 1 0 0
"572" 6 2 41 0 4 0
"573" 6 2 42 1 0 0
"574" 6 2 43 0 0 0
"575" 6 2 44 0 0 0
"576" 6 2 45 0 0 0
"577" 6 2 46 0 0 0
"578" 6 2 47 1 0 0
"579" 6 2 48 0 0 0
"580" 6 2 49 1 0 1
"581" 7 2 1 1 0 0
"582" 7 2 2 0 0 0
"583" 7 2 3 1 0 0
"584" 7 2 4 1 0 0
"585" 7 2 5 1 0 0
"586" 7 2 6 1 0 0
"587" 7 2 7 1 0 0
"588" 7 2 8 1 0 0
"589" 7 2 9 1 0 0
"590" 7 2 10 1 0 0
"591" 7 2 11 1 0 0
"592" 7 2 12 0 0 0
"593" 7 2 13 0 0 0
"594" 7 2 14 0 0 0
"595" 7 2 15 0 4 0
"596" 7 2 16 0 0 0
"597" 7 2 17 0 0 0
"598" 7 2 18 0 0 0
"599" 7 2 19 0 4 0
"600" 7 2 20 1 0 0
"601" 7 2 21 1 0 0
"602" 7 2 22 1 0 0
"603" 7 2 23 1 0 0
"604" 7 2 24 1 0 0
"605" 7 2 25 1 0 0
"606" 7 2 26 1 0 0
"607" 7 2 27 1 3 0
"608" 7 2 28 1 0 0
"609" 7 2 29 1 0 0
"610" 7 2 30 1 0 0
"611" 7 2 31 0 0 0
"612" 7 2 32 0 0 0
"613" 7 2 33 0 0 0
"614" 7 2 34 0 0 0
"615" 7 2 35 0 0 0
"616" 7 2 36 0 0 0
"617" 7 2 37 0 0 0
"618" 7 2 38 0 0 0
"619" 7 2 39 0 0 0
"620" 7 2 40 0 4 0
"621" 7 2 41 0 0 0
"622" 7 2 42 0 0 0
"623" 7 2 43 0 0 0
"624" 7 2 44 0 0 0
"625" 7 2 45 1 0 1
"626" 8 2 1 1 0 0
"627" 8 2 2 0 0 0
"628" 8 2 3 1 0 0
"629" 8 2 4 0 4 0
"630" 8 2 5 1 0 0
"631" 8 2 6 0 0 0
"632" 8 2 7 1 0 0
"633" 8 2 8 1 0 0
"634" 8 2 9 1 0 0
"635" 8 2 10 1 0 0
"636" 8 2 11 0 0 0
"637" 8 2 12 0 0 0
"638" 8 2 13 0 0 0
"639" 8 2 14 0 0 0
"640" 8 2 15 0 0 0
"641" 8 2 16 0 4 0
"642" 8 2 17 1 3 0
"643" 8 2 18 1 3 0
"644" 8 2 19 1 0 0
"645" 8 2 20 1 3 0
"646" 8 2 21 1 0 0
"647" 8 2 22 1 0 0
"648" 8 2 23 1 0 0
"649" 8 2 24 0 0 0
"650" 8 2 25 0 0 0
"651" 8 2 26 0 0 0
"652" 8 2 27 0 4 1
"653" 9 2 1 0 4 0
"654" 9 2 2 1 3 0
"655" 9 2 3 0 0 0
"656" 9 2 4 1 0 0
"657" 9 2 5 0 0 0
"658" 9 2 6 1 3 0
"659" 9 2 7 0 0 0
"660" 9 2 8 1 0 0
"661" 9 2 9 0 0 0
"662" 9 2 10 1 0 0
"663" 9 2 11 0 4 0
"664" 9 2 12 1 3 0
"665" 9 2 13 0 0 0
"666" 9 2 14 1 0 0
"667" 9 2 15 1 0 0
"668" 9 2 16 0 0 0
"669" 9 2 17 1 0 0
"670" 9 2 18 1 0 0
"671" 9 2 19 1 0 0
"672" 9 2 20 1 0 0
"673" 9 2 21 0 4 0
"674" 9 2 22 1 0 0
"675" 9 2 23 0 0 0
"676" 9 2 24 1 0 0
"677" 9 2 25 0 0 0
"678" 9 2 26 1 0 0
"679" 9 2 27 0 0 0
"680" 9 2 28 1 3 0
"681" 9 2 29 0 0 0
"682" 9 2 30 1 0 0
"683" 9 2 31 0 4 0
"684" 9 2 32 1 0 0
"685" 9 2 33 0 0 0
"686" 9 2 34 1 0 0
"687" 9 2 35 0 0 0
"688" 9 2 36 1 3 0
"689" 9 2 37 0 0 0
"690" 9 2 38 1 0 0
"691" 9 2 39 0 0 1
"692" 10 2 1 0 0 0
"693" 10 2 2 1 0 0
"694" 10 2 3 0 0 0
"695" 10 2 4 1 0 0
"696" 10 2 5 0 0 0
"697" 10 2 6 1 0 0
"698" 10 2 7 0 0 0
"699" 10 2 8 0 0 0
"700" 10 2 9 0 0 0
"701" 10 2 10 0 4 0
"702" 10 2 11 0 0 0
"703" 10 2 12 0 0 0
"704" 10 2 13 0 0 0
"705" 10 2 14 0 0 0
"706" 10 2 15 1 3 0
"707" 10 2 16 1 0 0
"708" 10 2 17 1 3 0
"709" 10 2 18 1 3 0
"710" 10 2 19 1 3 0
"711" 10 2 20 1 3 0
"712" 10 2 21 1 3 0
"713" 10 2 22 1 3 0
"714" 10 2 23 0 0 0
"715" 10 2 24 1 0 0
"716" 10 2 25 0 0 0
"717" 10 2 26 1 0 0
"718" 10 2 27 1 3 0
"719" 10 2 28 1 0 0
"720" 10 2 29 1 0 0
"721" 10 2 30 1 0 0
"722" 10 2 31 1 0 0
"723" 10 2 32 1 3 0
"724" 10 2 33 1 3 0
"725" 10 2 34 1 3 0
"726" 10 2 35 1 0 0
"727" 10 2 36 1 3 0
"728" 10 2 37 1 0 0
"729" 10 2 38 1 0 0
"730" 10 2 39 1 0 0
"731" 10 2 40 1 3 0
"732" 10 2 41 1 0 0
"733" 10 2 42 1 0 0
"734" 10 2 43 1 0 0
"735" 10 2 44 0 0 0
"736" 10 2 45 0 0 0
"737" 10 2 46 0 0 0
"738" 10 2 47 0 0 0
"739" 10 2 48 0 0 0
"740" 10 2 49 0 0 0
"741" 10 2 50 0 0 0
"742" 10 2 51 0 0 0
"743" 10 2 52 0 0 0
"744" 10 2 53 0 4 0
"745" 10 2 54 0 0 0
"746" 10 2 55 0 0 0
"747" 10 2 56 0 0 0
"748" 10 2 57 0 4 0
"749" 10 2 58 0 0 0
"750" 10 2 59 0 0 0
"751" 10 2 60 0 0 0
"752" 10 2 61 0 0 1
"753" 11 2 1 0 0 0
"754" 11 2 2 0 4 0
"755" 11 2 3 0 0 0
"756" 11 2 4 0 0 0
"757" 11 2 5 0 0 0
"758" 11 2 6 0 0 0
"759" 11 2 7 0 0 0
"760" 11 2 8 0 0 0
"761" 11 2 9 1 0 0
"762" 11 2 10 1 0 0
"763" 11 2 11 1 0 0
"764" 11 2 12 1 0 0
"765" 11 2 13 1 0 0
"766" 11 2 14 1 0 0
"767" 11 2 15 1 0 0
"768" 11 2 16 1 0 0
"769" 11 2 17 1 0 0
"770" 11 2 18 1 0 0
"771" 11 2 19 0 0 0
"772" 11 2 20 0 0 0
"773" 11 2 21 0 0 0
"774" 11 2 22 0 4 0
"775" 11 2 23 0 0 0
"776" 11 2 24 0 0 0
"777" 11 2 25 0 0 0
"778" 11 2 26 0 0 0
"779" 11 2 27 0 0 0
"780" 11 2 28 0 0 0
"781" 11 2 29 0 0 0
"782" 11 2 30 0 0 0
"783" 11 2 31 0 0 0
"784" 11 2 32 0 4 0
"785" 11 2 33 0 0 0
"786" 11 2 34 0 4 0
"787" 11 2 35 0 0 0
"788" 11 2 36 0 4 0
"789" 11 2 37 0 0 0
"790" 11 2 38 0 4 0
"791" 11 2 39 0 0 0
"792" 11 2 40 0 4 0
"793" 11 2 41 0 4 0
"794" 11 2 42 0 0 0
"795" 11 2 43 0 0 0
"796" 11 2 44 0 0 0
"797" 11 2 45 0 4 0
"798" 11 2 46 0 0 1
"799" 12 2 1 0 0 0
"800" 12 2 2 1 0 0
"801" 12 2 3 0 4 0
"802" 12 2 4 1 0 0
"803" 12 2 5 0 0 0
"804" 12 2 6 1 3 0
"805" 12 2 7 0 0 0
"806" 12 2 8 1 0 0
"807" 12 2 9 0 0 0
"808" 12 2 10 1 3 0
"809" 12 2 11 0 0 0
"810" 12 2 12 1 0 0
"811" 12 2 13 0 0 0
"812" 12 2 14 1 0 0
"813" 12 2 15 1 0 0
"814" 12 2 16 1 0 0
"815" 12 2 17 0 0 0
"816" 12 2 18 0 0 0
"817" 12 2 19 1 0 0
"818" 12 2 20 1 3 0
"819" 12 2 21 0 0 0
"820" 12 2 22 1 0 0
"821" 12 2 23 1 0 0
"822" 12 2 24 1 3 0
"823" 12 2 25 0 0 0
"824" 12 2 26 1 0 0
"825" 12 2 27 0 0 1
"826" 13 2 1 0 0 0
"827" 13 2 2 1 0 1
"828" 14 2 1 0 0 0
"829" 14 2 2 0 0 0
"830" 14 2 3 0 0 0
"831" 14 2 4 0 0 0
"832" 14 2 5 0 0 0
"833" 14 2 6 0 4 0
"834" 14 2 7 0 0 0
"835" 14 2 8 0 0 0
"836" 14 2 9 0 4 0
"837" 14 2 10 0 0 0
"838" 14 2 11 0 0 0
"839" 14 2 12 0 0 0
"840" 14 2 13 0 0 0
"841" 14 2 14 0 0 0
"842" 14 2 15 1 3 0
"843" 14 2 16 1 3 0
"844" 14 2 17 1 0 0
"845" 14 2 18 1 0 0
"846" 14 2 19 1 0 0
"847" 14 2 20 1 0 0
"848" 14 2 21 1 3 0
"849" 14 2 22 1 3 0
"850" 14 2 23 1 0 0
"851" 14 2 24 1 0 0
"852" 14 2 25 1 0 0
"853" 14 2 26 0 0 0
"854" 14 2 27 0 0 0
"855" 14 2 28 0 0 0
"856" 14 2 29 0 0 0
"857" 14 2 30 0 0 0
"858" 14 2 31 0 0 0
"859" 14 2 32 0 0 0
"860" 14 2 33 1 0 0
"861" 14 2 34 1 0 1
"862" 15 2 1 0 0 0
"863" 15 2 2 1 0 0
"864" 15 2 3 0 0 0
"865" 15 2 4 1 0 0
"866" 15 2 5 0 0 0
"867" 15 2 6 0 0 0
"868" 15 2 7 0 0 0
"869" 15 2 8 1 0 0
"870" 15 2 9 0 0 0
"871" 15 2 10 1 3 0
"872" 15 2 11 0 0 0
"873" 15 2 12 1 3 0
"874" 15 2 13 0 0 0
"875" 15 2 14 1 0 0
"876" 15 2 15 0 0 0
"877" 15 2 16 1 3 0
"878" 15 2 17 0 0 0
"879" 15 2 18 1 0 0
"880" 15 2 19 0 0 0
"881" 15 2 20 1 0 0
"882" 15 2 21 0 4 0
"883" 15 2 22 1 0 0
"884" 15 2 23 0 0 0
"885" 15 2 24 1 3 0
"886" 15 2 25 0 4 0
"887" 15 2 26 1 0 0
"888" 15 2 27 0 0 0
"889" 15 2 28 1 0 0
"890" 15 2 29 0 0 0
"891" 15 2 30 1 0 0
"892" 15 2 31 0 0 0
"893" 15 2 32 1 0 0
"894" 15 2 33 0 0 0
"895" 15 2 34 1 3 0
"896" 15 2 35 0 4 0
"897" 15 2 36 1 0 0
"898" 15 2 37 0 0 0
"899" 15 2 38 1 0 0
"900" 15 2 39 0 0 0
"901" 15 2 40 1 3 0
"902" 15 2 41 0 0 0
"903" 15 2 42 1 0 0
"904" 15 2 43 0 4 1
"905" 16 2 1 1 0 0
"906" 16 2 2 1 0 0
"907" 16 2 3 1 3 0
"908" 16 2 4 1 0 0
"909" 16 2 5 1 0 0
"910" 16 2 6 1 0 0
"911" 16 2 7 1 0 0
"912" 16 2 8 0 0 0
"913" 16 2 9 0 0 0
"914" 16 2 10 0 0 0
"915" 16 2 11 0 4 0
"916" 16 2 12 0 0 0
"917" 16 2 13 0 0 0
"918" 16 2 14 0 0 1
"919" 17 2 1 1 0 0
"920" 17 2 2 0 0 1
"921" 18 2 1 0 0 0
"922" 18 2 2 1 0 0
"923" 18 2 3 0 0 0
"924" 18 2 4 1 0 0
"925" 18 2 5 0 4 0
"926" 18 2 6 1 0 0
"927" 18 2 7 0 0 0
"928" 18 2 8 1 0 0
"929" 18 2 9 0 4 0
"930" 18 2 10 1 0 0
"931" 18 2 11 0 0 0
"932" 18 2 12 1 0 0
"933" 18 2 13 0 4 0
"934" 18 2 14 1 0 0
"935" 18 2 15 0 0 1
"936" 19 2 1 0 0 0
"937" 19 2 2 1 0 0
"938" 19 2 3 0 4 0
"939" 19 2 4 1 0 0
"940" 19 2 5 0 0 0
"941" 19 2 6 1 3 0
"942" 19 2 7 0 0 0
"943" 19 2 8 1 0 1
"944" 20 2 1 0 0 0
"945" 20 2 2 1 0 0
"946" 20 2 3 1 0 0
"947" 20 2 4 1 0 0
"948" 20 2 5 1 0 0
"949" 20 2 6 0 0 0
"950" 20 2 7 0 0 0
"951" 20 2 8 0 0 0
"952" 20 2 9 0 4 0
"953" 20 2 10 0 0 0
"954" 20 2 11 1 0 1
"955" 21 2 1 0 0 0
"956" 21 2 2 0 0 0
"957" 21 2 3 0 0 0
"958" 21 2 4 0 4 0
"959" 21 2 5 0 4 0
"960" 21 2 6 0 4 0
"961" 21 2 7 0 0 0
"962" 21 2 8 0 0 0
"963" 21 2 9 1 0 0
"964" 21 2 10 1 0 0
"965" 21 2 11 1 3 0
"966" 21 2 12 1 3 0
"967" 21 2 13 0 4 0
"968" 21 2 14 1 0 0
"969" 21 2 15 0 0 1
"970" 22 2 1 0 0 0
"971" 22 2 2 0 0 0
"972" 22 2 3 0 4 0
"973" 22 2 4 0 0 0
"974" 22 2 5 0 0 0
"975" 22 2 6 0 0 0
"976" 22 2 7 0 0 0
"977" 22 2 8 1 0 0
"978" 22 2 9 1 0 0
"979" 22 2 10 1 0 0
"980" 22 2 11 1 3 0
"981" 22 2 12 1 0 0
"982" 22 2 13 1 0 0
"983" 22 2 14 1 3 1
"984" 23 2 1 1 0 0
"985" 23 2 2 0 0 0
"986" 23 2 3 1 0 0
"987" 23 2 4 0 0 0
"988" 23 2 5 0 0 0
"989" 23 2 6 1 0 1
"990" 24 2 1 1 0 0
"991" 24 2 2 1 3 0
"992" 24 2 3 1 3 0
"993" 24 2 4 1 0 0
"994" 24 2 5 1 0 0
"995" 24 2 6 1 0 0
"996" 24 2 7 1 0 0
"997" 24 2 8 1 0 0
"998" 24 2 9 1 0 0
"999" 24 2 10 1 0 0
"1000" 24 2 11 1 0 0
"1001" 24 2 12 1 0 0
"1002" 24 2 13 1 0 0
"1003" 24 2 14 0 0 0
"1004" 24 2 15 0 0 0
"1005" 24 2 16 0 0 0
"1006" 24 2 17 0 4 0
"1007" 24 2 18 0 0 0
"1008" 24 2 19 0 4 1
"1009" 25 2 1 1 0 0
"1010" 25 2 2 0 0 0
"1011" 25 2 3 1 0 0
"1012" 25 2 4 0 0 0
"1013" 25 2 5 1 0 0
"1014" 25 2 6 0 0 0
"1015" 25 2 7 1 0 1
"1016" 1 3 1 1 0 0
"1017" 1 3 2 1 0 0
"1018" 1 3 3 1 0 0
"1019" 1 3 4 1 -32 0
"1020" 1 3 5 1 0 0
"1021" 1 3 6 1 0 0
"1022" 1 3 7 1 0 0
"1023" 1 3 8 1 -32 0
"1024" 1 3 9 1 -32 0
"1025" 1 3 10 1 0 0
"1026" 1 3 11 1 0 0
"1027" 1 3 12 0 -3 0
"1028" 1 3 13 0 -3 0
"1029" 1 3 14 0 -3 0
"1030" 1 3 15 0 -3 0
"1031" 1 3 16 0 -3 0
"1032" 1 3 17 0 -3 0
"1033" 1 3 18 0 -3 0
"1034" 1 3 19 1 0 0
"1035" 1 3 20 0 -3 0
"1036" 1 3 21 1 0 0
"1037" 1 3 22 0 -3 0
"1038" 1 3 23 0 -3 0
"1039" 1 3 24 0 -3 0
"1040" 1 3 25 0 -3 0
"1041" 1 3 26 0 -3 0
"1042" 1 3 27 0 -3 0
"1043" 1 3 28 0 -3 0
"1044" 1 3 29 0 -3 0
"1045" 1 3 30 0 -3 0
"1046" 1 3 31 0 -3 0
"1047" 1 3 32 1 0 0
"1048" 1 3 33 0 -3 0
"1049" 1 3 34 1 0 0
"1050" 1 3 35 1 0 0
"1051" 1 3 36 1 0 0
"1052" 1 3 37 1 0 0
"1053" 1 3 38 1 0 0
"1054" 1 3 39 1 0 0
"1055" 1 3 40 0 -3 0
"1056" 1 3 41 0 -3 0
"1057" 1 3 42 0 -3 0
"1058" 1 3 43 0 -3 0
"1059" 1 3 44 0 -3 0
"1060" 1 3 45 0 -3 0
"1061" 1 3 46 0 -3 0
"1062" 1 3 47 0 -3 0
"1063" 1 3 48 0 -3 0
"1064" 1 3 49 0 -3 0
"1065" 1 3 50 0 -3 0
"1066" 1 3 51 0 -3 0
"1067" 1 3 52 0 -3 0
"1068" 1 3 53 0 -3 0
"1069" 1 3 54 0 -3 0
"1070" 1 3 55 0 -3 0
"1071" 1 3 56 0 -3 0
"1072" 1 3 57 0 -3 0
"1073" 1 3 58 0 -3 0
"1074" 1 3 59 0 -3 0
"1075" 1 3 60 0 -3 0
"1076" 1 3 61 0 -3 0
"1077" 1 3 62 0 -3 0
"1078" 1 3 63 0 -3 0
"1079" 1 3 64 1 0 0
"1080" 1 3 65 1 0 0
"1081" 1 3 66 1 0 0
"1082" 1 3 67 1 0 0
"1083" 1 3 68 1 0 0
"1084" 1 3 69 1 0 0
"1085" 1 3 70 1 -32 0
"1086" 1 3 71 1 0 0
"1087" 1 3 72 1 0 0
"1088" 1 3 73 1 0 0
"1089" 1 3 74 1 0 0
"1090" 1 3 75 1 0 0
"1091" 1 3 76 1 0 0
"1092" 1 3 77 1 0 0
"1093" 1 3 78 1 -32 0
"1094" 1 3 79 1 -32 0
"1095" 1 3 80 1 0 0
"1096" 1 3 81 1 0 0
"1097" 1 3 82 1 0 0
"1098" 1 3 83 1 0 0
"1099" 1 3 84 1 -32 0
"1100" 1 3 85 1 0 0
"1101" 1 3 86 1 -32 0
"1102" 1 3 87 1 0 0
"1103" 1 3 88 1 0 0
"1104" 1 3 89 1 0 0
"1105" 1 3 90 1 0 0
"1106" 1 3 91 1 0 0
"1107" 1 3 92 1 0 0
"1108" 1 3 93 1 0 0
"1109" 1 3 94 1 0 0
"1110" 1 3 95 1 0 0
"1111" 1 3 96 1 0 0
"1112" 1 3 97 1 0 0
"1113" 1 3 98 1 0 0
"1114" 1 3 99 1 0 0
"1115" 1 3 100 1 0 0
"1116" 1 3 101 1 0 0
"1117" 1 3 102 1 0 0
"1118" 1 3 103 1 0 0
"1119" 1 3 104 1 0 0
"1120" 1 3 105 1 0 0
"1121" 1 3 106 1 0 0
"1122" 1 3 107 1 0 0
"1123" 1 3 108 1 0 0
"1124" 1 3 109 1 0 0
"1125" 1 3 110 1 0 0
"1126" 1 3 111 0 -3 0
"1127" 1 3 112 0 -3 0
"1128" 1 3 113 0 -3 0
"1129" 1 3 114 0 -3 0
"1130" 1 3 115 0 -3 0
"1131" 1 3 116 0 -3 0
"1132" 1 3 117 0 -3 0
"1133" 1 3 118 0 -3 0
"1134" 1 3 119 0 -3 0
"1135" 1 3 120 0 -3 0
"1136" 1 3 121 0 -3 0
"1137" 1 3 122 0 -3 0
"1138" 1 3 123 0 -3 0
"1139" 1 3 124 0 -3 0
"1140" 1 3 125 0 -3 0
"1141" 1 3 126 0 -3 0
"1142" 1 3 127 0 -3 0
"1143" 1 3 128 0 -3 0
"1144" 1 3 129 0 -3 0
"1145" 1 3 130 0 -3 0
"1146" 1 3 131 0 -3 0
"1147" 1 3 132 0 -3 0
"1148" 1 3 133 0 -3 0
"1149" 1 3 134 0 -3 0
"1150" 1 3 135 0 -3 0
"1151" 1 3 136 0 -3 0
"1152" 1 3 137 0 -3 0
"1153" 1 3 138 0 -3 0
"1154" 1 3 139 0 -3 0
"1155" 1 3 140 0 -3 0
"1156" 1 3 141 0 -3 0
"1157" 1 3 142 1 -32 0
"1158" 1 3 143 1 0 0
"1159" 1 3 144 1 0 0
"1160" 1 3 145 1 0 0
"1161" 1 3 146 1 0 0
"1162" 1 3 147 1 0 0
"1163" 1 3 148 1 0 0
"1164" 1 3 149 1 0 0
"1165" 1 3 150 1 0 0
"1166" 1 3 151 1 0 0
"1167" 1 3 152 1 0 0
"1168" 1 3 153 1 0 0
"1169" 1 3 154 1 0 0
"1170" 1 3 155 1 0 0
"1171" 1 3 156 1 0 0
"1172" 1 3 157 1 0 0
"1173" 1 3 158 1 0 0
"1174" 1 3 159 1 0 0
"1175" 1 3 160 1 0 0
"1176" 1 3 161 1 0 0
"1177" 1 3 162 1 0 0
"1178" 1 3 163 1 0 0
"1179" 1 3 164 1 0 0
"1180" 1 3 165 1 0 0
"1181" 1 3 166 1 0 0
"1182" 1 3 167 1 0 0
"1183" 1 3 168 1 0 0
"1184" 1 3 169 1 0 0
"1185" 1 3 170 1 0 0
"1186" 1 3 171 1 0 0
"1187" 1 3 172 1 0 0
"1188" 1 3 173 1 0 0
"1189" 1 3 174 1 0 0
"1190" 1 3 175 1 0 0
"1191" 1 3 176 1 0 0
"1192" 1 3 177 0 -3 0
"1193" 1 3 178 0 -3 0
"1194" 1 3 179 0 -3 0
"1195" 1 3 180 0 -3 0
"1196" 1 3 181 0 -3 0
"1197" 1 3 182 0 -3 0
"1198" 1 3 183 1 0 0
"1199" 1 3 184 1 0 0
"1200" 1 3 185 1 0 0
"1201" 1 3 186 1 0 0
"1202" 1 3 187 1 0 0
"1203" 1 3 188 1 0 0
"1204" 1 3 189 0 -3 0
"1205" 1 3 190 0 -3 0
"1206" 1 3 191 0 -3 0
"1207" 1 3 192 0 -3 0
"1208" 1 3 193 0 -3 0
"1209" 1 3 194 0 -3 0
"1210" 1 3 195 1 0 0
"1211" 1 3 196 1 0 0
"1212" 1 3 197 1 0 0
"1213" 1 3 198 1 0 0
"1214" 1 3 199 1 0 1
"1215" 2 3 1 0 -3 0
"1216" 2 3 2 0 -3 0
"1217" 2 3 3 0 -3 0
"1218" 2 3 4 0 -3 0
"1219" 2 3 5 0 -3 0
"1220" 2 3 6 0 -3 0
"1221" 2 3 7 0 -3 0
"1222" 2 3 8 0 -3 0
"1223" 2 3 9 0 -3 0
"1224" 2 3 10 0 -3 0
"1225" 2 3 11 0 -3 0
"1226" 2 3 12 0 -3 0
"1227" 2 3 13 0 -3 0
"1228" 2 3 14 1 0 0
"1229" 2 3 15 1 0 0
"1230" 2 3 16 1 0 0
"1231" 2 3 17 1 0 0
"1232" 2 3 18 1 0 0
"1233" 2 3 19 1 0 0
"1234" 2 3 20 1 0 0
"1235" 2 3 21 1 0 0
"1236" 2 3 22 1 0 0
"1237" 2 3 23 1 0 0
"1238" 2 3 24 1 0 0
"1239" 2 3 25 1 0 0
"1240" 2 3 26 1 0 0
"1241" 2 3 27 1 0 0
"1242" 2 3 28 1 0 0
"1243" 2 3 29 1 0 0
"1244" 2 3 30 1 0 0
"1245" 2 3 31 1 0 1
"1246" 3 3 1 1 0 0
"1247" 3 3 2 0 -3 0
"1248" 3 3 3 1 0 0
"1249" 3 3 4 0 -3 0
"1250" 3 3 5 1 -32 0
"1251" 3 3 6 0 -3 0
"1252" 3 3 7 1 0 0
"1253" 3 3 8 0 -3 0
"1254" 3 3 9 1 0 0
"1255" 3 3 10 1 0 0
"1256" 3 3 11 1 0 0
"1257" 3 3 12 1 0 0
"1258" 3 3 13 0 -3 0
"1259" 3 3 14 0 -3 0
"1260" 3 3 15 0 -3 0
"1261" 3 3 16 1 0 0
"1262" 3 3 17 1 0 0
"1263" 3 3 18 1 -32 0
"1264" 3 3 19 1 0 1
"1265" 4 3 1 1 -32 0
"1266" 4 3 2 0 -3 1
"1267" 5 3 1 1 0 0
"1268" 5 3 2 0 -3 0
"1269" 5 3 3 1 0 0
"1270" 5 3 4 0 -3 0
"1271" 5 3 5 1 0 0
"1272" 5 3 6 0 -3 0
"1273" 5 3 7 0 -3 0
"1274" 5 3 8 0 -3 0
"1275" 5 3 9 1 0 0
"1276" 5 3 10 1 -32 0
"1277" 5 3 11 1 0 0
"1278" 5 3 12 1 -32 0
"1279" 5 3 13 1 0 0
"1280" 5 3 14 0 -3 0
"1281" 5 3 15 1 0 0
"1282" 5 3 16 0 -3 0
"1283" 5 3 17 1 0 0
"1284" 5 3 18 0 -3 1
"1285" 6 3 1 1 0 0
"1286" 6 3 2 0 -3 0
"1287" 6 3 3 1 0 0
"1288" 6 3 4 0 -3 0
"1289" 6 3 5 1 0 0
"1290" 6 3 6 0 -3 0
"1291" 6 3 7 1 0 0
"1292" 6 3 8 0 -3 1
"1293" 7 3 1 0 -3 0
"1294" 7 3 2 0 -3 0
"1295" 7 3 3 0 -3 0
"1296" 7 3 4 0 -3 0
"1297" 7 3 5 0 -3 0
"1298" 7 3 6 0 -3 0
"1299" 7 3 7 0 -3 0
"1300" 7 3 8 1 0 0
"1301" 7 3 9 1 0 0
"1302" 7 3 10 1 0 0
"1303" 7 3 11 1 0 0
"1304" 7 3 12 1 0 0
"1305" 7 3 13 1 0 0
"1306" 7 3 14 1 0 0
"1307" 7 3 15 1 0 0
"1308" 7 3 16 0 -3 0
"1309" 7 3 17 0 -3 1
"1310" 8 3 1 1 0 0
"1311" 8 3 2 1 0 0
"1312" 8 3 3 0 -3 0
"1313" 8 3 4 0 -3 0
"1314" 8 3 5 0 -3 0
"1315" 8 3 6 0 -3 0
"1316" 8 3 7 0 -3 0
"1317" 8 3 8 1 0 0
"1318" 8 3 9 1 0 1
"1319" 9 3 1 1 0 0
"1320" 9 3 2 1 0 0
"1321" 9 3 3 0 -3 0
"1322" 9 3 4 0 -3 0
"1323" 9 3 5 0 -3 0
"1324" 9 3 6 0 -3 0
"1325" 9 3 7 0 -3 0
"1326" 9 3 8 0 -3 0
"1327" 9 3 9 0 -3 0
"1328" 9 3 10 0 -3 0
"1329" 9 3 11 0 -3 0
"1330" 9 3 12 0 -3 0
"1331" 9 3 13 1 0 0
"1332" 9 3 14 1 0 0
"1333" 9 3 15 1 0 0
"1334" 9 3 16 1 -32 0
"1335" 9 3 17 1 0 1
"1336" 10 3 1 1 0 0
"1337" 10 3 2 0 -3 0
"1338" 10 3 3 1 0 0
"1339" 10 3 4 0 -3 0
"1340" 10 3 5 1 0 0
"1341" 10 3 6 0 -3 1
"1342" 11 3 1 1 0 0
"1343" 11 3 2 0 -3 0
"1344" 11 3 3 1 0 0
"1345" 11 3 4 0 -3 0
"1346" 11 3 5 1 0 0
"1347" 11 3 6 1 0 0
"1348" 11 3 7 1 0 0
"1349" 11 3 8 1 0 0
"1350" 11 3 9 0 -3 0
"1351" 11 3 10 0 -3 0
"1352" 11 3 11 0 -3 0
"1353" 11 3 12 0 -3 0
"1354" 11 3 13 0 -3 0
"1355" 11 3 14 1 0 1
"1356" 12 3 1 1 0 0
"1357" 12 3 2 1 0 0
"1358" 12 3 3 1 0 0
"1359" 12 3 4 1 0 0
"1360" 12 3 5 1 0 0
"1361" 12 3 6 1 0 0
"1362" 12 3 7 1 -32 0
"1363" 12 3 8 0 -3 0
"1364" 12 3 9 0 -3 0
"1365" 12 3 10 0 -3 0
"1366" 12 3 11 0 -3 0
"1367" 12 3 12 0 -3 0
"1368" 12 3 13 0 -3 0
"1369" 12 3 14 0 -3 0
"1370" 12 3 15 1 0 0
"1371" 12 3 16 1 0 0
"1372" 12 3 17 1 0 0
"1373" 12 3 18 1 0 0
"1374" 12 3 19 1 0 0
"1375" 12 3 20 1 0 0
"1376" 12 3 21 1 0 0
"1377" 12 3 22 1 0 0
"1378" 12 3 23 1 0 0
"1379" 12 3 24 1 -32 0
"1380" 12 3 25 1 0 0
"1381" 12 3 26 0 -3 0
"1382" 12 3 27 0 -3 0
"1383" 12 3 28 0 -3 0
"1384" 12 3 29 0 -3 0
"1385" 12 3 30 0 -3 0
"1386" 12 3 31 0 -3 0
"1387" 12 3 32 0 -3 0
"1388" 12 3 33 0 -3 0
"1389" 12 3 34 0 -3 0
"1390" 12 3 35 0 -3 0
"1391" 12 3 36 1 0 1
"1392" 13 3 1 0 -3 0
"1393" 13 3 2 0 -3 0
"1394" 13 3 3 0 -3 0
"1395" 13 3 4 0 -3 0
"1396" 13 3 5 0 -3 0
"1397" 13 3 6 1 0 0
"1398" 13 3 7 1 -32 0
"1399" 13 3 8 1 0 0
"1400" 13 3 9 1 0 0
"1401" 13 3 10 1 0 0
"1402" 13 3 11 1 0 0
"1403" 13 3 12 1 0 0
"1404" 13 3 13 1 -32 0
"1405" 13 3 14 0 -3 1
"1406" 14 3 1 1 0 0
"1407" 14 3 2 1 0 0
"1408" 14 3 3 1 0 0
"1409" 14 3 4 1 0 0
"1410" 14 3 5 1 0 0
"1411" 14 3 6 1 0 0
"1412" 14 3 7 1 0 0
"1413" 14 3 8 1 0 0
"1414" 14 3 9 0 -3 0
"1415" 14 3 10 0 -3 0
"1416" 14 3 11 0 -3 0
"1417" 14 3 12 0 -3 0
"1418" 14 3 13 0 -3 0
"1419" 14 3 14 0 -3 0
"1420" 14 3 15 0 -3 1
"1421" 15 3 1 1 -32 0
"1422" 15 3 2 1 0 0
"1423" 15 3 3 1 0 0
"1424" 15 3 4 1 0 0
"1425" 15 3 5 1 0 0
"1426" 15 3 6 1 0 0
"1427" 15 3 7 1 0 0
"1428" 15 3 8 1 0 0
"1429" 15 3 9 1 0 0
"1430" 15 3 10 1 0 0
"1431" 15 3 11 1 0 0
"1432" 15 3 12 1 0 0
"1433" 15 3 13 1 0 0
"1434" 15 3 14 1 0 0
"1435" 15 3 15 1 0 0
"1436" 15 3 16 1 0 0
"1437" 15 3 17 0 -3 0
"1438" 15 3 18 0 -3 0
"1439" 15 3 19 0 -3 0
"1440" 15 3 20 0 -3 0
"1441" 15 3 21 0 -3 0
"1442" 15 3 22 0 -3 0
"1443" 15 3 23 0 -3 0
"1444" 15 3 24 0 -3 0
"1445" 15 3 25 0 -3 0
"1446" 15 3 26 0 -3 1
"1447" 16 3 1 0 -3 0
"1448" 16 3 2 0 -3 0
"1449" 16 3 3 1 0 0
"1450" 16 3 4 1 0 0
"1451" 16 3 5 1 0 0
"1452" 16 3 6 0 -3 0
"1453" 16 3 7 0 -3 1
"1454" 17 3 1 1 0 0
"1455" 17 3 2 1 -32 0
"1456" 17 3 3 1 0 0
"1457" 17 3 4 1 0 0
"1458" 17 3 5 1 0 0
"1459" 17 3 6 1 0 0
"1460" 17 3 7 1 0 0
"1461" 17 3 8 1 0 0
"1462" 17 3 9 1 -32 0
"1463" 17 3 10 0 -3 0
"1464" 17 3 11 0 -3 0
"1465" 17 3 12 0 -3 0
"1466" 17 3 13 0 -3 0
"1467" 17 3 14 0 -3 0
"1468" 17 3 15 0 -3 0
"1469" 17 3 16 0 -3 0
"1470" 17 3 17 0 -3 1
"1471" 18 3 1 0 -3 0
"1472" 18 3 2 0 -3 0
"1473" 18 3 3 0 -3 0
"1474" 18 3 4 1 0 1
"1475" 19 3 1 0 -3 0
"1476" 19 3 2 1 0 0
"1477" 19 3 3 0 -3 0
"1478" 19 3 4 1 0 0
"1479" 19 3 5 1 -32 0
"1480" 19 3 6 0 -3 0
"1481" 19 3 7 0 -3 0
"1482" 19 3 8 0 -3 0
"1483" 19 3 9 0 -3 0
"1484" 19 3 10 1 0 0
"1485" 19 3 11 1 0 1
"1486" 20 3 1 0 -3 0
"1487" 20 3 2 0 -3 0
"1488" 20 3 3 0 -3 0
"1489" 20 3 4 0 -3 0
"1490" 20 3 5 0 -3 0
"1491" 20 3 6 1 0 0
"1492" 20 3 7 1 0 0
"1493" 20 3 8 1 0 0
"1494" 20 3 9 1 -32 0
"1495" 20 3 10 1 0 0
"1496" 20 3 11 1 0 0
"1497" 20 3 12 1 0 0
"1498" 20 3 13 1 0 0
"1499" 20 3 14 0 -3 0
"1500" 20 3 15 0 -3 0
"1501" 20 3 16 0 -3 0
"1502" 20 3 17 0 -3 0
"1503" 20 3 18 0 -3 0
"1504" 20 3 19 0 -3 1
"1505" 21 3 1 1 0 0
"1506" 21 3 2 0 -3 1
"1507" 22 3 1 1 0 0
"1508" 22 3 2 1 0 0
"1509" 22 3 3 0 -3 0
"1510" 22 3 4 0 -3 0
"1511" 22 3 5 0 -3 0
"1512" 22 3 6 0 -3 0
"1513" 22 3 7 0 -3 0
"1514" 22 3 8 0 -3 0
"1515" 22 3 9 0 -3 0
"1516" 22 3 10 1 -32 0
"1517" 22 3 11 1 0 0
"1518" 22 3 12 1 0 1
"1519" 23 3 1 1 0 0
"1520" 23 3 2 1 0 0
"1521" 23 3 3 1 0 0
"1522" 23 3 4 1 -32 0
"1523" 23 3 5 1 0 0
"1524" 23 3 6 0 -3 0
"1525" 23 3 7 0 -3 0
"1526" 23 3 8 0 -3 0
"1527" 23 3 9 0 -3 1
"1528" 24 3 1 1 0 0
"1529" 24 3 2 1 0 0
"1530" 24 3 3 1 0 0
"1531" 24 3 4 1 0 0
"1532" 24 3 5 1 0 0
"1533" 24 3 6 1 0 0
"1534" 24 3 7 1 0 0
"1535" 24 3 8 1 -32 0
"1536" 24 3 9 1 0 0
"1537" 24 3 10 1 0 0
"1538" 24 3 11 0 -3 0
"1539" 24 3 12 0 -3 0
"1540" 24 3 13 0 -3 0
"1541" 24 3 14 0 -3 0
"1542" 24 3 15 0 -3 0
"1543" 24 3 16 0 -3 1
"1544" 25 3 1 1 0 0
"1545" 25 3 2 1 -32 0
"1546" 25 3 3 1 0 0
"1547" 25 3 4 1 0 0
"1548" 25 3 5 1 0 0
"1549" 25 3 6 1 0 0
"1550" 25 3 7 0 -3 0
"1551" 25 3 8 0 -3 0
"1552" 25 3 9 0 -3 0
"1553" 25 3 10 0 -3 0
"1554" 25 3 11 0 -3 0
"1555" 25 3 12 0 -3 0
"1556" 25 3 13 0 -3 0
"1557" 25 3 14 1 0 0
"1558" 25 3 15 1 0 0
"1559" 25 3 16 1 0 0
"1560" 25 3 17 1 0 0
"1561" 25 3 18 1 0 0
"1562" 25 3 19 1 0 0
"1563" 25 3 20 1 -32 0
"1564" 25 3 21 1 0 1
"1565" 26 4 1 1 -4 0
"1566" 26 4 2 1 -4 0
"1567" 26 4 3 1 -4 0
"1568" 26 4 4 1 -4 0
"1569" 26 4 5 1 0 0
"1570" 26 4 6 1 -4 0
"1571" 26 4 7 1 -4 0
"1572" 26 4 8 1 -4 0
"1573" 26 4 9 1 -4 0
"1574" 26 4 10 1 0 0
"1575" 26 4 11 1 -4 0
"1576" 26 4 12 1 0 0
"1577" 26 4 13 1 0 0
"1578" 26 4 14 1 -4 0
"1579" 26 4 15 1 -4 0
"1580" 26 4 16 1 0 0
"1581" 26 4 17 1 -4 0
"1582" 26 4 18 1 -4 0
"1583" 26 4 19 1 -4 0
"1584" 26 4 20 1 -4 0
"1585" 26 4 21 1 -4 0
"1586" 26 4 22 1 -4 0
"1587" 26 4 23 1 -4 0
"1588" 26 4 24 0 -3 0
"1589" 26 4 25 0 -3 0
"1590" 26 4 26 0 -3 0
"1591" 26 4 27 0 -3 0
"1592" 26 4 28 0 -3 0
"1593" 26 4 29 0 -3 0
"1594" 26 4 30 0 -3 0
"1595" 26 4 31 0 -3 0
"1596" 26 4 32 0 -3 0
"1597" 26 4 33 0 -3 0
"1598" 26 4 34 0 -3 0
"1599" 26 4 35 0 -3 0
"1600" 26 4 36 0 -3 0
"1601" 26 4 37 0 -3 0
"1602" 26 4 38 1 0 0
"1603" 26 4 39 1 -4 0
"1604" 26 4 40 1 -4 0
"1605" 26 4 41 1 -4 0
"1606" 26 4 42 1 0 0
"1607" 26 4 43 1 -4 0
"1608" 26 4 44 1 -4 0
"1609" 26 4 45 1 -4 0
"1610" 26 4 46 1 -4 0
"1611" 26 4 47 1 -4 0
"1612" 26 4 48 1 0 0
"1613" 26 4 49 1 0 0
"1614" 26 4 50 1 -4 0
"1615" 26 4 51 1 0 0
"1616" 26 4 52 1 -4 0
"1617" 26 4 53 1 -4 0
"1618" 26 4 54 1 -4 0
"1619" 26 4 55 1 -4 0
"1620" 26 4 56 1 -4 0
"1621" 26 4 57 0 -3 0
"1622" 26 4 58 0 -3 0
"1623" 26 4 59 0 -3 0
"1624" 26 4 60 0 -3 0
"1625" 26 4 61 0 -3 0
"1626" 26 4 62 0 -3 0
"1627" 26 4 63 0 -3 0
"1628" 26 4 64 0 -3 0
"1629" 26 4 65 1 -4 0
"1630" 26 4 66 1 -4 0
"1631" 26 4 67 1 -4 0
"1632" 26 4 68 1 -4 0
"1633" 26 4 69 1 -4 0
"1634" 26 4 70 1 -4 0
"1635" 26 4 71 1 0 0
"1636" 26 4 72 1 -4 0
"1637" 26 4 73 1 -4 1
"1638" 27 4 1 1 -4 0
"1639" 27 4 2 1 -4 0
"1640" 27 4 3 1 -4 0
"1641" 27 4 4 1 -4 0
"1642" 27 4 5 1 0 0
"1643" 27 4 6 1 -4 0
"1644" 27 4 7 1 -4 0
"1645" 27 4 8 1 -4 0
"1646" 27 4 9 1 -4 0
"1647" 27 4 10 1 -4 0
"1648" 27 4 11 1 -4 0
"1649" 27 4 12 1 -4 0
"1650" 27 4 13 1 0 0
"1651" 27 4 14 0 -3 0
"1652" 27 4 15 0 -3 0
"1653" 27 4 16 0 -3 0
"1654" 27 4 17 0 -3 0
"1655" 27 4 18 0 -3 0
"1656" 27 4 19 0 -3 0
"1657" 27 4 20 0 -3 0
"1658" 27 4 21 0 -3 0
"1659" 27 4 22 0 -3 0
"1660" 27 4 23 0 -3 0
"1661" 27 4 24 0 -3 0
"1662" 27 4 25 0 -3 0
"1663" 27 4 26 0 -3 0
"1664" 27 4 27 0 -3 0
"1665" 27 4 28 0 -3 0
"1666" 27 4 29 0 -3 1
"1667" 28 4 1 0 -3 0
"1668" 28 4 2 0 -3 0
"1669" 28 4 3 0 -3 0
"1670" 28 4 4 0 -3 0
"1671" 28 4 5 0 -3 0
"1672" 28 4 6 1 0 0
"1673" 28 4 7 1 -4 0
"1674" 28 4 8 1 -4 0
"1675" 28 4 9 1 -4 0
"1676" 28 4 10 1 -4 0
"1677" 28 4 11 1 -4 0
"1678" 28 4 12 1 0 1
"1679" 29 4 1 1 -4 0
"1680" 29 4 2 0 -3 0
"1681" 29 4 3 1 -4 0
"1682" 29 4 4 0 -3 0
"1683" 29 4 5 1 -4 0
"1684" 29 4 6 0 -3 0
"1685" 29 4 7 1 -4 0
"1686" 29 4 8 1 0 0
"1687" 29 4 9 1 -4 0
"1688" 29 4 10 1 -4 0
"1689" 29 4 11 1 -4 0
"1690" 29 4 12 1 -4 0
"1691" 29 4 13 1 0 0
"1692" 29 4 14 1 -4 0
"1693" 29 4 15 1 -4 0
"1694" 29 4 16 1 -4 0
"1695" 29 4 17 1 -4 0
"1696" 29 4 18 0 -3 0
"1697" 29 4 19 0 -3 0
"1698" 29 4 20 0 -3 0
"1699" 29 4 21 0 -3 0
"1700" 29 4 22 0 -3 0
"1701" 29 4 23 0 -3 0
"1702" 29 4 24 0 -3 0
"1703" 29 4 25 0 -3 0
"1704" 29 4 26 0 -3 0
"1705" 29 4 27 0 -3 0
"1706" 29 4 28 0 -3 0
"1707" 29 4 29 1 -4 0
"1708" 29 4 30 1 -4 0
"1709" 29 4 31 1 -4 0
"1710" 29 4 32 1 -4 0
"1711" 29 4 33 1 -4 0
"1712" 29 4 34 1 -4 0
"1713" 29 4 35 1 0 0
"1714" 29 4 36 1 -4 0
"1715" 29 4 37 1 0 0
"1716" 29 4 38 1 -4 0
"1717" 29 4 39 1 -4 0
"1718" 29 4 40 1 0 0
"1719" 29 4 41 1 -4 0
"1720" 29 4 42 1 -4 0
"1721" 29 4 43 0 -3 1
"1722" 30 4 1 1 -4 0
"1723" 30 4 2 0 -3 0
"1724" 30 4 3 1 -4 0
"1725" 30 4 4 0 -3 0
"1726" 30 4 5 0 -3 0
"1727" 30 4 6 0 -3 0
"1728" 30 4 7 0 -3 0
"1729" 30 4 8 1 -4 0
"1730" 30 4 9 1 0 0
"1731" 30 4 10 1 -4 0
"1732" 30 4 11 1 -4 0
"1733" 30 4 12 1 -4 0
"1734" 30 4 13 1 -4 0
"1735" 30 4 14 1 -4 0
"1736" 30 4 15 1 -4 0
"1737" 30 4 16 0 -3 0
"1738" 30 4 17 0 -3 0
"1739" 30 4 18 0 -3 0
"1740" 30 4 19 0 -3 0
"1741" 30 4 20 0 -3 0
"1742" 30 4 21 0 -3 0
"1743" 30 4 22 0 -3 0
"1744" 30 4 23 0 -3 0
"1745" 30 4 24 0 -3 0
"1746" 30 4 25 1 -4 0
"1747" 30 4 26 1 -4 0
"1748" 30 4 27 1 0 0
"1749" 30 4 28 1 -4 0
"1750" 30 4 29 1 -4 0
"1751" 30 4 30 1 -4 0
"1752" 30 4 31 1 -4 0
"1753" 30 4 32 1 -4 0
"1754" 30 4 33 1 -4 0
"1755" 30 4 34 1 -4 0
"1756" 30 4 35 1 0 0
"1757" 30 4 36 1 -4 0
"1758" 30 4 37 1 0 0
"1759" 30 4 38 1 0 0
"1760" 30 4 39 1 -4 0
"1761" 30 4 40 1 -4 0
"1762" 30 4 41 1 0 0
"1763" 30 4 42 1 0 0
"1764" 30 4 43 1 -4 0
"1765" 30 4 44 1 -4 0
"1766" 30 4 45 1 -4 0
"1767" 30 4 46 1 -4 0
"1768" 30 4 47 1 0 0
"1769" 30 4 48 1 -4 0
"1770" 30 4 49 1 -4 0
"1771" 30 4 50 1 -4 0
"1772" 30 4 51 1 -4 0
"1773" 30 4 52 1 -4 0
"1774" 30 4 53 1 -4 1
"1775" 31 4 1 1 -4 0
"1776" 31 4 2 0 -3 0
"1777" 31 4 3 1 0 0
"1778" 31 4 4 0 -3 0
"1779" 31 4 5 1 -4 0
"1780" 31 4 6 0 -3 0
"1781" 31 4 7 1 -4 0
"1782" 31 4 8 0 -3 0
"1783" 31 4 9 1 -4 0
"1784" 31 4 10 0 -3 0
"1785" 31 4 11 1 -4 1
"1786" 32 4 1 1 -4 0
"1787" 32 4 2 1 -4 0
"1788" 32 4 3 1 0 0
"1789" 32 4 4 1 -4 0
"1790" 32 4 5 1 0 0
"1791" 32 4 6 1 -4 0
"1792" 32 4 7 1 -4 0
"1793" 32 4 8 1 -4 0
"1794" 32 4 9 1 -4 0
"1795" 32 4 10 1 -4 0
"1796" 32 4 11 0 -3 0
"1797" 32 4 12 0 -3 0
"1798" 32 4 13 0 -3 0
"1799" 32 4 14 0 -3 0
"1800" 32 4 15 1 -4 0
"1801" 32 4 16 1 -4 0
"1802" 32 4 17 1 0 0
"1803" 32 4 18 1 0 0
"1804" 32 4 19 1 -4 0
"1805" 32 4 20 1 -4 0
"1806" 32 4 21 1 0 0
"1807" 32 4 22 1 -4 0
"1808" 32 4 23 1 -4 1
"1809" 33 4 1 1 -4 0
"1810" 33 4 2 1 0 0
"1811" 33 4 3 1 -4 0
"1812" 33 4 4 1 -4 0
"1813" 33 4 5 1 -4 0
"1814" 33 4 6 0 -3 0
"1815" 33 4 7 0 -3 0
"1816" 33 4 8 0 -3 0
"1817" 33 4 9 0 -3 0
"1818" 33 4 10 1 -4 0
"1819" 33 4 11 0 -3 0
"1820" 33 4 12 0 -3 0
"1821" 33 4 13 0 -3 0
"1822" 33 4 14 0 -3 0
"1823" 33 4 15 1 -4 1
"1824" 34 4 1 0 -3 0
"1825" 34 4 2 0 -3 0
"1826" 34 4 3 1 -4 0
"1827" 34 4 4 1 -4 0
"1828" 34 4 5 1 -4 0
"1829" 34 4 6 1 -4 0
"1830" 34 4 7 1 -4 0
"1831" 34 4 8 1 -4 0
"1832" 34 4 9 1 -4 0
"1833" 34 4 10 1 0 0
"1834" 34 4 11 1 0 0
"1835" 34 4 12 1 -4 0
"1836" 34 4 13 0 -3 0
"1837" 34 4 14 0 -3 0
"1838" 34 4 15 0 -3 0
"1839" 34 4 16 0 -3 0
"1840" 34 4 17 0 -3 0
"1841" 34 4 18 0 -3 0
"1842" 34 4 19 0 -3 1
"1843" 35 4 1 1 -4 0
"1844" 35 4 2 0 -3 0
"1845" 35 4 3 1 -4 0
"1846" 35 4 4 0 -3 0
"1847" 35 4 5 1 -4 0
"1848" 35 4 6 0 -3 0
"1849" 35 4 7 1 -4 0
"1850" 35 4 8 0 -3 0
"1851" 35 4 9 0 -3 1
"1852" 36 4 1 0 -3 0
"1853" 36 4 2 1 -4 0
"1854" 36 4 3 0 -3 0
"1855" 36 4 4 1 -4 0
"1856" 36 4 5 0 -3 0
"1857" 36 4 6 1 0 0
"1858" 36 4 7 0 -3 0
"1859" 36 4 8 1 -4 0
"1860" 36 4 9 0 -3 0
"1861" 36 4 10 1 -4 0
"1862" 36 4 11 1 -4 0
"1863" 36 4 12 1 -4 0
"1864" 36 4 13 0 -3 0
"1865" 36 4 14 1 -4 0
"1866" 36 4 15 0 -3 0
"1867" 36 4 16 1 -4 0
"1868" 36 4 17 0 -3 0
"1869" 36 4 18 1 0 0
"1870" 36 4 19 0 -3 0
"1871" 36 4 20 1 -4 0
"1872" 36 4 21 1 -4 0
"1873" 36 4 22 1 -4 0
"1874" 36 4 23 1 -4 0
"1875" 36 4 24 1 -4 0
"1876" 36 4 25 1 -4 0
"1877" 36 4 26 1 0 0
"1878" 36 4 27 1 -4 0
"1879" 36 4 28 1 -4 0
"1880" 36 4 29 1 -4 0
"1881" 36 4 30 1 -4 0
"1882" 36 4 31 1 0 0
"1883" 36 4 32 1 -4 0
"1884" 36 4 33 1 -4 0
"1885" 36 4 34 1 -4 0
"1886" 36 4 35 1 -4 0
"1887" 36 4 36 1 -4 0
"1888" 36 4 37 1 0 0
"1889" 36 4 38 1 -4 0
"1890" 36 4 39 1 0 0
"1891" 36 4 40 1 -4 0
"1892" 36 4 41 1 0 0
"1893" 36 4 42 1 -4 0
"1894" 36 4 43 1 -4 0
"1895" 36 4 44 1 0 0
"1896" 36 4 45 1 -4 0
"1897" 36 4 46 1 -4 0
"1898" 36 4 47 1 -4 0
"1899" 36 4 48 1 -4 1
"1900" 37 4 1 0 -3 0
"1901" 37 4 2 1 0 0
"1902" 37 4 3 1 -4 0
"1903" 37 4 4 0 -3 0
"1904" 37 4 5 1 -4 0
"1905" 37 4 6 0 -3 0
"1906" 37 4 7 1 -4 0
"1907" 37 4 8 0 -3 0
"1908" 37 4 9 1 0 0
"1909" 37 4 10 0 -3 0
"1910" 37 4 11 1 -4 0
"1911" 37 4 12 0 -3 0
"1912" 37 4 13 1 -4 0
"1913" 37 4 14 0 -3 0
"1914" 37 4 15 1 -4 0
"1915" 37 4 16 0 -3 0
"1916" 37 4 17 1 -4 0
"1917" 37 4 18 0 -3 0
"1918" 37 4 19 1 0 0
"1919" 37 4 20 0 -3 0
"1920" 37 4 21 0 -3 0
"1921" 37 4 22 0 -3 0
"1922" 37 4 23 0 -3 0
"1923" 37 4 24 1 -4 0
"1924" 37 4 25 1 -4 0
"1925" 37 4 26 1 -4 0
"1926" 37 4 27 1 -4 1
"1927" 38 4 1 0 -3 0
"1928" 38 4 2 0 -3 0
"1929" 38 4 3 0 -3 0
"1930" 38 4 4 0 -3 0
"1931" 38 4 5 0 -3 0
"1932" 38 4 6 0 -3 0
"1933" 38 4 7 1 -4 0
"1934" 38 4 8 1 -4 0
"1935" 38 4 9 1 -4 0
"1936" 38 4 10 1 -4 0
"1937" 38 4 11 1 0 0
"1938" 38 4 12 1 -4 0
"1939" 38 4 13 1 -4 0
"1940" 38 4 14 1 -4 0
"1941" 38 4 15 1 -4 0
"1942" 38 4 16 1 -4 0
"1943" 38 4 17 1 -4 0
"1944" 38 4 18 1 0 0
"1945" 38 4 19 1 -4 1
"1946" 39 4 1 0 -3 0
"1947" 39 4 2 0 -3 0
"1948" 39 4 3 0 -3 0
"1949" 39 4 4 0 -3 0
"1950" 39 4 5 0 -3 0
"1951" 39 4 6 1 -4 0
"1952" 39 4 7 1 -4 0
"1953" 39 4 8 1 -4 0
"1954" 39 4 9 1 0 0
"1955" 39 4 10 1 -4 0
"1956" 39 4 11 1 0 0
"1957" 39 4 12 1 -4 0
"1958" 39 4 13 1 -4 0
"1959" 39 4 14 1 0 0
"1960" 39 4 15 1 -4 0
"1961" 39 4 16 1 -4 0
"1962" 39 4 17 1 -4 0
"1963" 39 4 18 1 0 0
"1964" 39 4 19 0 -3 0
"1965" 39 4 20 0 -3 0
"1966" 39 4 21 0 -3 0
"1967" 39 4 22 0 -3 0
"1968" 39 4 23 0 -3 0
"1969" 39 4 24 0 -3 0
"1970" 39 4 25 0 -3 0
"1971" 39 4 26 0 -3 0
"1972" 39 4 27 0 -3 0
"1973" 39 4 28 0 -3 0
"1974" 39 4 29 0 -3 0
"1975" 39 4 30 0 -3 0
"1976" 39 4 31 1 -4 0
"1977" 39 4 32 1 0 0
"1978" 39 4 33 1 -4 0
"1979" 39 4 34 1 -4 0
"1980" 39 4 35 1 -4 0
"1981" 39 4 36 1 -4 0
"1982" 39 4 37 1 0 0
"1983" 39 4 38 1 -4 0
"1984" 39 4 39 1 -4 0
"1985" 39 4 40 1 -4 0
"1986" 39 4 41 1 -4 0
"1987" 39 4 42 0 -3 0
"1988" 39 4 43 0 -3 0
"1989" 39 4 44 0 -3 0
"1990" 39 4 45 0 -3 0
"1991" 39 4 46 0 -3 0
"1992" 39 4 47 0 -3 0
"1993" 39 4 48 0 -3 0
"1994" 39 4 49 0 -3 0
"1995" 39 4 50 0 -3 0
"1996" 39 4 51 0 -3 0
"1997" 39 4 52 0 -3 0
"1998" 39 4 53 0 -3 0
"1999" 39 4 54 0 -3 0
"2000" 39 4 55 1 -4 0
"2001" 39 4 56 1 -4 0
"2002" 39 4 57 1 -4 0
"2003" 39 4 58 1 -4 0
"2004" 39 4 59 1 -4 0
"2005" 39 4 60 1 -4 0
"2006" 39 4 61 1 -4 0
"2007" 39 4 62 1 -4 0
"2008" 39 4 63 1 -4 0
"2009" 39 4 64 0 -3 0
"2010" 39 4 65 0 -3 0
"2011" 39 4 66 1 -4 0
"2012" 39 4 67 0 -3 1
"2013" 40 4 1 1 0 0
"2014" 40 4 2 1 0 0
"2015" 40 4 3 1 -4 0
"2016" 40 4 4 1 -4 0
"2017" 40 4 5 1 -4 0
"2018" 40 4 6 1 0 0
"2019" 40 4 7 1 -4 0
"2020" 40 4 8 1 -4 0
"2021" 40 4 9 1 -4 0
"2022" 40 4 10 1 -4 0
"2023" 40 4 11 1 -4 0
"2024" 40 4 12 1 -4 0
"2025" 40 4 13 1 0 0
"2026" 40 4 14 1 -4 0
"2027" 40 4 15 0 -3 0
"2028" 40 4 16 0 -3 0
"2029" 40 4 17 0 -3 0
"2030" 40 4 18 0 -3 0
"2031" 40 4 19 0 -3 0
"2032" 40 4 20 0 -3 0
"2033" 40 4 21 0 -3 0
"2034" 40 4 22 0 -3 0
"2035" 40 4 23 0 -3 0
"2036" 40 4 24 0 -3 0
"2037" 40 4 25 0 -3 0
"2038" 40 4 26 0 -3 1
"2039" 41 4 1 0 -3 0
"2040" 41 4 2 0 -3 0
"2041" 41 4 3 0 -3 0
"2042" 41 4 4 1 0 0
"2043" 41 4 5 1 -4 0
"2044" 41 4 6 1 -4 0
"2045" 41 4 7 1 -4 0
"2046" 41 4 8 0 -3 0
"2047" 41 4 9 0 -3 0
"2048" 41 4 10 1 -4 0
"2049" 41 4 11 1 -4 0
"2050" 41 4 12 0 -3 0
"2051" 41 4 13 0 -3 0
"2052" 41 4 14 1 -4 1
"2053" 42 4 1 0 -3 0
"2054" 42 4 2 1 -4 0
"2055" 42 4 3 1 0 0
"2056" 42 4 4 0 -3 0
"2057" 42 4 5 0 -3 0
"2058" 42 4 6 1 -4 0
"2059" 42 4 7 1 0 0
"2060" 42 4 8 0 -3 1
"2061" 43 4 1 0 -3 0
"2062" 43 4 2 0 -3 0
"2063" 43 4 3 0 -3 0
"2064" 43 4 4 0 -3 0
"2065" 43 4 5 0 -3 0
"2066" 43 4 6 0 -3 0
"2067" 43 4 7 0 -3 0
"2068" 43 4 8 0 -3 0
"2069" 43 4 9 1 0 0
"2070" 43 4 10 1 -4 0
"2071" 43 4 11 1 -4 0
"2072" 43 4 12 1 -4 0
"2073" 43 4 13 1 0 0
"2074" 43 4 14 1 -4 0
"2075" 43 4 15 1 -4 0
"2076" 43 4 16 1 -4 0
"2077" 43 4 17 1 -4 0
"2078" 43 4 18 1 -4 1
"2079" 44 4 1 1 -4 0
"2080" 44 4 2 0 -3 1
"2081" 45 4 1 1 -4 0
"2082" 45 4 2 1 -4 0
"2083" 45 4 3 0 -3 0
"2084" 45 4 4 0 -3 0
"2085" 45 4 5 0 -3 0
"2086" 45 4 6 0 -3 0
"2087" 45 4 7 1 -4 0
"2088" 45 4 8 1 -4 0
"2089" 45 4 9 1 0 0
"2090" 45 4 10 1 -4 0
"2091" 45 4 11 0 -3 0
"2092" 45 4 12 0 -3 0
"2093" 45 4 13 0 -3 0
"2094" 45 4 14 1 0 0
"2095" 45 4 15 1 -4 0
"2096" 45 4 16 1 -4 0
"2097" 45 4 17 1 -4 0
"2098" 45 4 18 1 -4 0
"2099" 45 4 19 1 0 1
"2100" 46 4 1 0 -3 0
"2101" 46 4 2 1 0 0
"2102" 46 4 3 1 -4 0
"2103" 46 4 4 1 -4 0
"2104" 46 4 5 0 -3 0
"2105" 46 4 6 0 -3 0
"2106" 46 4 7 1 -4 0
"2107" 46 4 8 1 -4 0
"2108" 46 4 9 1 -4 1
"2109" 47 4 1 0 -3 0
"2110" 47 4 2 0 -3 0
"2111" 47 4 3 1 -4 0
"2112" 47 4 4 1 -4 0
"2113" 47 4 5 1 -4 0
"2114" 47 4 6 0 -3 0
"2115" 47 4 7 0 -3 0
"2116" 47 4 8 0 -3 0
"2117" 47 4 9 0 -3 0
"2118" 47 4 10 1 0 0
"2119" 47 4 11 1 -4 0
"2120" 47 4 12 1 -4 0
"2121" 47 4 13 1 -4 0
"2122" 47 4 14 1 -4 0
"2123" 47 4 15 1 -4 0
"2124" 47 4 16 1 -4 0
"2125" 47 4 17 1 -4 0
"2126" 47 4 18 1 -4 0
"2127" 47 4 19 0 -3 0
"2128" 47 4 20 0 -3 0
"2129" 47 4 21 0 -3 0
"2130" 47 4 22 1 -4 0
"2131" 47 4 23 1 0 0
"2132" 47 4 24 1 -4 0
"2133" 47 4 25 0 -3 0
"2134" 47 4 26 0 -3 0
"2135" 47 4 27 1 -4 1
"2136" 48 4 1 1 -4 0
"2137" 48 4 2 1 -4 0
"2138" 48 4 3 1 0 0
"2139" 48 4 4 1 0 0
"2140" 48 4 5 1 -4 0
"2141" 48 4 6 1 -4 0
"2142" 48 4 7 1 -4 0
"2143" 48 4 8 1 -4 0
"2144" 48 4 9 1 -4 0
"2145" 48 4 10 1 -4 0
"2146" 48 4 11 0 -3 0
"2147" 48 4 12 0 -3 0
"2148" 48 4 13 0 -3 0
"2149" 48 4 14 0 -3 0
"2150" 48 4 15 0 -3 0
"2151" 48 4 16 0 -3 0
"2152" 48 4 17 0 -3 0
"2153" 48 4 18 0 -3 0
"2154" 48 4 19 0 -3 0
"2155" 48 4 20 0 -3 0
"2156" 48 4 21 1 -4 1
"2157" 49 4 1 1 0 0
"2158" 49 4 2 1 -4 0
"2159" 49 4 3 1 -4 0
"2160" 49 4 4 1 -4 0
"2161" 49 4 5 0 -3 0
"2162" 49 4 6 0 -3 0
"2163" 49 4 7 0 -3 0
"2164" 49 4 8 0 -3 0
"2165" 49 4 9 0 -3 0
"2166" 49 4 10 1 -4 0
"2167" 49 4 11 0 -3 0
"2168" 49 4 12 1 -4 0
"2169" 49 4 13 0 -3 0
"2170" 49 4 14 1 -4 0
"2171" 49 4 15 1 -4 0
"2172" 49 4 16 1 0 0
"2173" 49 4 17 1 -4 0
"2174" 49 4 18 1 -4 0
"2175" 49 4 19 0 -3 0
"2176" 49 4 20 0 -3 0
"2177" 49 4 21 0 -3 0
"2178" 49 4 22 1 -4 0
"2179" 49 4 23 0 -3 0
"2180" 49 4 24 1 -4 0
"2181" 49 4 25 1 -4 0
"2182" 49 4 26 1 -4 0
"2183" 49 4 27 1 0 0
"2184" 49 4 28 1 -4 0
"2185" 49 4 29 1 0 1
"2186" 50 4 1 0 -3 0
"2187" 50 4 2 1 -4 0
"2188" 50 4 3 1 -4 0
"2189" 50 4 4 1 -4 0
"2190" 50 4 5 1 -4 0
"2191" 50 4 6 1 -4 0
"2192" 50 4 7 0 -3 0
"2193" 50 4 8 0 -3 0
"2194" 50 4 9 0 -3 0
"2195" 50 4 10 0 -3 0
"2196" 50 4 11 1 -4 0
"2197" 50 4 12 0 -3 0
"2198" 50 4 13 1 0 0
"2199" 50 4 14 1 -4 0
"2200" 50 4 15 1 -4 0
"2201" 50 4 16 1 -4 0
"2202" 50 4 17 1 -4 0
"2203" 50 4 18 1 -4 0
"2204" 50 4 19 1 -4 0
"2205" 50 4 20 1 -4 0
"2206" 50 4 21 1 -4 0
"2207" 50 4 22 1 -4 0
"2208" 50 4 23 1 -4 0
"2209" 50 4 24 1 -4 0
"2210" 50 4 25 1 0 0
"2211" 50 4 26 1 -4 0
"2212" 50 4 27 0 -3 0
"2213" 50 4 28 0 -3 0
"2214" 50 4 29 0 -3 0
"2215" 50 4 30 0 -3 0
"2216" 50 4 31 0 -3 0
"2217" 50 4 32 0 -3 0
"2218" 50 4 33 0 -3 0
"2219" 50 4 34 0 -3 0
"2220" 50 4 35 0 -3 0
"2221" 50 4 36 0 -3 0
"2222" 50 4 37 0 -3 0
"2223" 50 4 38 0 -3 0
"2224" 50 4 39 0 -3 0
"2225" 50 4 40 0 -3 0
"2226" 50 4 41 0 -3 0
"2227" 50 4 42 0 -3 0
"2228" 50 4 43 0 -3 0
"2229" 50 4 44 0 -3 0
"2230" 50 4 45 0 -3 0
"2231" 50 4 46 0 -3 0
"2232" 50 4 47 1 -4 0
"2233" 50 4 48 1 -4 0
"2234" 50 4 49 1 -4 0
"2235" 50 4 50 1 -4 0
"2236" 50 4 51 1 -4 0
"2237" 50 4 52 1 -4 0
"2238" 50 4 53 1 -4 0
"2239" 50 4 54 1 -4 0
"2240" 50 4 55 1 -4 0
"2241" 50 4 56 1 -4 0
"2242" 50 4 57 1 0 0
"2243" 50 4 58 1 -4 0
"2244" 50 4 59 1 -4 0
"2245" 50 4 60 1 -4 0
"2246" 50 4 61 1 -4 0
"2247" 50 4 62 1 -4 0
"2248" 50 4 63 1 -4 0
"2249" 50 4 64 1 -4 0
"2250" 50 4 65 1 -4 0
"2251" 50 4 66 1 0 0
"2252" 50 4 67 1 -4 0
"2253" 50 4 68 1 -4 0
"2254" 50 4 69 1 -4 0
"2255" 50 4 70 1 0 1
"2256" 26 5 1 1 3 0
"2257" 26 5 2 1 3 0
"2258" 26 5 3 1 3 0
"2259" 26 5 4 1 3 0
"2260" 26 5 5 0 32 0
"2261" 26 5 6 0 0 0
"2262" 26 5 7 0 0 0
"2263" 26 5 8 0 0 0
"2264" 26 5 9 0 0 0
"2265" 26 5 10 0 0 0
"2266" 26 5 11 0 0 0
"2267" 26 5 12 0 0 0
"2268" 26 5 13 0 32 0
"2269" 26 5 14 0 0 0
"2270" 26 5 15 0 32 0
"2271" 26 5 16 0 0 0
"2272" 26 5 17 0 0 0
"2273" 26 5 18 1 3 0
"2274" 26 5 19 1 3 0
"2275" 26 5 20 1 3 0
"2276" 26 5 21 1 3 0
"2277" 26 5 22 1 3 0
"2278" 26 5 23 0 0 0
"2279" 26 5 24 0 0 0
"2280" 26 5 25 0 0 0
"2281" 26 5 26 0 0 0
"2282" 26 5 27 0 0 0
"2283" 26 5 28 1 3 1
"2284" 27 5 1 0 0 0
"2285" 27 5 2 0 0 0
"2286" 27 5 3 0 0 0
"2287" 27 5 4 0 0 0
"2288" 27 5 5 0 0 0
"2289" 27 5 6 0 0 0
"2290" 27 5 7 0 0 0
"2291" 27 5 8 0 0 0
"2292" 27 5 9 0 0 0
"2293" 27 5 10 0 0 0
"2294" 27 5 11 0 0 0
"2295" 27 5 12 1 3 0
"2296" 27 5 13 1 3 0
"2297" 27 5 14 1 3 1
"2298" 28 5 1 1 3 0
"2299" 28 5 2 1 3 0
"2300" 28 5 3 1 3 0
"2301" 28 5 4 0 0 0
"2302" 28 5 5 0 0 0
"2303" 28 5 6 0 0 0
"2304" 28 5 7 0 0 0
"2305" 28 5 8 1 3 1
"2306" 29 5 1 0 0 0
"2307" 29 5 2 1 3 1
"2308" 30 5 1 0 0 0
"2309" 30 5 2 1 3 0
"2310" 30 5 3 0 0 0
"2311" 30 5 4 1 3 0
"2312" 30 5 5 1 3 0
"2313" 30 5 6 1 3 0
"2314" 30 5 7 1 3 0
"2315" 30 5 8 1 3 0
"2316" 30 5 9 0 0 0
"2317" 30 5 10 0 0 0
"2318" 30 5 11 0 0 0
"2319" 30 5 12 0 0 0
"2320" 30 5 13 0 0 0
"2321" 30 5 14 1 3 0
"2322" 30 5 15 1 3 0
"2323" 30 5 16 1 3 1
"2324" 31 5 1 0 0 0
"2325" 31 5 2 1 3 0
"2326" 31 5 3 0 0 0
"2327" 31 5 4 1 3 0
"2328" 31 5 5 0 0 0
"2329" 31 5 6 1 3 0
"2330" 31 5 7 0 0 0
"2331" 31 5 8 1 3 1
"2332" 32 5 1 1 3 0
"2333" 32 5 2 1 3 0
"2334" 32 5 3 1 3 0
"2335" 32 5 4 1 3 0
"2336" 32 5 5 0 0 0
"2337" 32 5 6 0 0 0
"2338" 32 5 7 0 32 0
"2339" 32 5 8 0 0 0
"2340" 32 5 9 0 0 0
"2341" 32 5 10 0 0 0
"2342" 32 5 11 0 0 0
"2343" 32 5 12 0 0 0
"2344" 32 5 13 0 32 0
"2345" 32 5 14 0 0 0
"2346" 32 5 15 0 0 0
"2347" 32 5 16 0 0 0
"2348" 32 5 17 0 0 0
"2349" 32 5 18 0 32 0
"2350" 32 5 19 0 0 0
"2351" 32 5 20 0 0 0
"2352" 32 5 21 0 0 0
"2353" 32 5 22 0 0 1
"2354" 33 5 1 1 3 0
"2355" 33 5 2 0 0 0
"2356" 33 5 3 1 3 0
"2357" 33 5 4 1 3 0
"2358" 33 5 5 1 3 0
"2359" 33 5 6 0 0 0
"2360" 33 5 7 0 0 1
"2361" 34 5 1 1 3 0
"2362" 34 5 2 1 3 0
"2363" 34 5 3 1 3 0
"2364" 34 5 4 0 0 0
"2365" 34 5 5 0 0 0
"2366" 34 5 6 0 0 0
"2367" 34 5 7 0 0 0
"2368" 34 5 8 0 0 0
"2369" 34 5 9 0 0 0
"2370" 34 5 10 0 0 0
"2371" 34 5 11 0 0 0
"2372" 34 5 12 1 3 0
"2373" 34 5 13 1 3 0
"2374" 34 5 14 1 3 0
"2375" 34 5 15 1 3 0
"2376" 34 5 16 1 3 0
"2377" 34 5 17 1 3 0
"2378" 34 5 18 1 3 1
"2379" 35 5 1 0 0 0
"2380" 35 5 2 1 3 0
"2381" 35 5 3 0 0 0
"2382" 35 5 4 1 3 0
"2383" 35 5 5 0 0 0
"2384" 35 5 6 1 3 0
"2385" 35 5 7 0 0 0
"2386" 35 5 8 1 3 0
"2387" 35 5 9 0 0 0
"2388" 35 5 10 1 3 1
"2389" 36 5 1 1 3 0
"2390" 36 5 2 0 0 0
"2391" 36 5 3 1 3 0
"2392" 36 5 4 1 3 0
"2393" 36 5 5 1 3 0
"2394" 36 5 6 0 0 0
"2395" 36 5 7 0 0 0
"2396" 36 5 8 0 0 0
"2397" 36 5 9 1 3 1
"2398" 37 5 1 0 0 0
"2399" 37 5 2 0 0 0
"2400" 37 5 3 0 0 0
"2401" 37 5 4 0 0 0
"2402" 37 5 5 0 0 0
"2403" 37 5 6 1 3 1
"2404" 38 5 1 0 32 0
"2405" 38 5 2 0 0 0
"2406" 38 5 3 0 32 0
"2407" 38 5 4 0 0 0
"2408" 38 5 5 0 0 0
"2409" 38 5 6 0 0 0
"2410" 38 5 7 0 0 0
"2411" 38 5 8 0 0 0
"2412" 38 5 9 0 0 0
"2413" 38 5 10 0 0 0
"2414" 38 5 11 0 0 0
"2415" 38 5 12 0 0 0
"2416" 38 5 13 0 0 0
"2417" 38 5 14 0 0 0
"2418" 38 5 15 0 0 0
"2419" 38 5 16 0 0 0
"2420" 38 5 17 0 0 0
"2421" 38 5 18 0 0 0
"2422" 38 5 19 0 0 0
"2423" 38 5 20 1 3 0
"2424" 38 5 21 1 3 0
"2425" 38 5 22 1 3 0
"2426" 38 5 23 1 3 0
"2427" 38 5 24 1 3 0
"2428" 38 5 25 1 3 0
"2429" 38 5 26 1 3 0
"2430" 38 5 27 1 3 0
"2431" 38 5 28 1 3 0
"2432" 38 5 29 1 3 0
"2433" 38 5 30 1 3 0
"2434" 38 5 31 1 3 1
"2435" 39 5 1 0 0 0
"2436" 39 5 2 0 0 0
"2437" 39 5 3 0 0 0
"2438" 39 5 4 0 0 0
"2439" 39 5 5 0 0 0
"2440" 39 5 6 1 3 0
"2441" 39 5 7 1 3 0
"2442" 39 5 8 1 3 0
"2443" 39 5 9 1 3 0
"2444" 39 5 10 1 3 1
"2445" 40 5 1 1 3 0
"2446" 40 5 2 1 3 0
"2447" 40 5 3 1 3 0
"2448" 40 5 4 1 3 0
"2449" 40 5 5 1 3 0
"2450" 40 5 6 1 3 0
"2451" 40 5 7 1 3 0
"2452" 40 5 8 1 3 0
"2453" 40 5 9 1 3 0
"2454" 40 5 10 1 3 0
"2455" 40 5 11 1 3 0
"2456" 40 5 12 1 3 0
"2457" 40 5 13 1 3 0
"2458" 40 5 14 1 3 0
"2459" 40 5 15 1 3 0
"2460" 40 5 16 1 3 0
"2461" 40 5 17 0 0 0
"2462" 40 5 18 0 0 0
"2463" 40 5 19 0 0 0
"2464" 40 5 20 0 0 0
"2465" 40 5 21 0 0 0
"2466" 40 5 22 0 0 0
"2467" 40 5 23 0 0 0
"2468" 40 5 24 0 32 0
"2469" 40 5 25 0 0 0
"2470" 40 5 26 0 0 0
"2471" 40 5 27 0 0 1
"2472" 41 5 1 0 0 0
"2473" 41 5 2 0 0 0
"2474" 41 5 3 0 0 0
"2475" 41 5 4 1 3 0
"2476" 41 5 5 1 3 0
"2477" 41 5 6 1 3 1
"2478" 42 5 1 1 3 0
"2479" 42 5 2 1 3 0
"2480" 42 5 3 1 3 0
"2481" 42 5 4 1 3 0
"2482" 42 5 5 1 3 0
"2483" 42 5 6 1 3 0
"2484" 42 5 7 0 0 0
"2485" 42 5 8 0 0 0
"2486" 42 5 9 0 0 0
"2487" 42 5 10 0 0 0
"2488" 42 5 11 0 0 0
"2489" 42 5 12 0 0 1
"2490" 43 5 1 0 32 0
"2491" 43 5 2 0 0 0
"2492" 43 5 3 0 0 0
"2493" 43 5 4 0 0 0
"2494" 43 5 5 0 0 0
"2495" 43 5 6 0 0 0
"2496" 43 5 7 0 0 0
"2497" 43 5 8 0 0 0
"2498" 43 5 9 0 0 0
"2499" 43 5 10 1 3 0
"2500" 43 5 11 1 3 0
"2501" 43 5 12 1 3 0
"2502" 43 5 13 1 3 0
"2503" 43 5 14 1 3 0
"2504" 43 5 15 1 3 0
"2505" 43 5 16 1 3 0
"2506" 43 5 17 1 3 0
"2507" 43 5 18 1 3 0
"2508" 43 5 19 1 3 0
"2509" 43 5 20 1 3 1
"2510" 44 5 1 0 0 0
"2511" 44 5 2 1 3 1
"2512" 45 5 1 1 3 0
"2513" 45 5 2 1 3 0
"2514" 45 5 3 1 3 0
"2515" 45 5 4 0 0 0
"2516" 45 5 5 0 32 0
"2517" 45 5 6 0 0 0
"2518" 45 5 7 0 0 0
"2519" 45 5 8 0 0 0
"2520" 45 5 9 0 32 0
"2521" 45 5 10 1 3 0
"2522" 45 5 11 1 3 0
"2523" 45 5 12 0 0 0
"2524" 45 5 13 0 0 0
"2525" 45 5 14 0 0 0
"2526" 45 5 15 0 0 0
"2527" 45 5 16 0 0 0
"2528" 45 5 17 0 0 1
"2529" 46 5 1 0 0 0
"2530" 46 5 2 1 3 1
"2531" 47 5 1 1 3 0
"2532" 47 5 2 1 3 0
"2533" 47 5 3 1 3 0
"2534" 47 5 4 1 3 0
"2535" 47 5 5 0 0 0
"2536" 47 5 6 0 0 0
"2537" 47 5 7 0 0 0
"2538" 47 5 8 0 0 0
"2539" 47 5 9 0 32 0
"2540" 47 5 10 0 0 0
"2541" 47 5 11 0 0 0
"2542" 47 5 12 0 0 0
"2543" 47 5 13 0 0 0
"2544" 47 5 14 0 0 0
"2545" 47 5 15 0 0 0
"2546" 47 5 16 0 0 0
"2547" 47 5 17 0 0 0
"2548" 47 5 18 1 3 0
"2549" 47 5 19 1 3 0
"2550" 47 5 20 1 3 0
"2551" 47 5 21 1 3 0
"2552" 47 5 22 1 3 0
"2553" 47 5 23 1 3 0
"2554" 47 5 24 0 0 0
"2555" 47 5 25 0 0 0
"2556" 47 5 26 0 0 0
"2557" 47 5 27 0 0 0
"2558" 47 5 28 0 0 0
"2559" 47 5 29 0 0 0
"2560" 47 5 30 0 32 0
"2561" 47 5 31 1 3 0
"2562" 47 5 32 0 0 0
"2563" 47 5 33 0 32 0
"2564" 47 5 34 1 3 0
"2565" 47 5 35 0 0 0
"2566" 47 5 36 0 0 0
"2567" 47 5 37 0 0 0
"2568" 47 5 38 0 0 0
"2569" 47 5 39 0 0 0
"2570" 47 5 40 0 0 1
"2571" 48 5 1 0 0 0
"2572" 48 5 2 0 0 0
"2573" 48 5 3 0 0 0
"2574" 48 5 4 0 0 0
"2575" 48 5 5 0 0 0
"2576" 48 5 6 0 0 0
"2577" 48 5 7 0 0 0
"2578" 48 5 8 1 3 0
"2579" 48 5 9 1 3 0
"2580" 48 5 10 1 3 1
"2581" 49 5 1 1 3 0
"2582" 49 5 2 0 0 0
"2583" 49 5 3 1 3 0
"2584" 49 5 4 1 3 0
"2585" 49 5 5 1 3 0
"2586" 49 5 6 1 3 0
"2587" 49 5 7 0 0 0
"2588" 49 5 8 0 0 0
"2589" 49 5 9 0 0 0
"2590" 49 5 10 0 0 0
"2591" 49 5 11 0 0 0
"2592" 49 5 12 0 0 0
"2593" 49 5 13 0 0 0
"2594" 49 5 14 0 0 1
"2595" 50 5 1 1 3 0
"2596" 50 5 2 1 3 0
"2597" 50 5 3 0 0 0
"2598" 50 5 4 1 3 0
"2599" 50 5 5 1 3 0
"2600" 50 5 6 1 3 0
"2601" 50 5 7 0 0 0
"2602" 50 5 8 0 0 0
"2603" 50 5 9 0 0 0
"2604" 50 5 10 0 0 0
"2605" 50 5 11 0 32 0
"2606" 50 5 12 0 0 0
"2607" 50 5 13 0 0 0
"2608" 50 5 14 0 0 0
"2609" 50 5 15 0 0 0
"2610" 50 5 16 0 0 0
"2611" 50 5 17 0 0 0
"2612" 50 5 18 0 0 0
"2613" 50 5 19 0 0 0
"2614" 50 5 20 0 0 0
"2615" 50 5 21 0 0 0
"2616" 50 5 22 0 0 0
"2617" 50 5 23 0 0 0
"2618" 50 5 24 0 0 0
"2619" 50 5 25 0 0 0
"2620" 50 5 26 1 3 0
"2621" 50 5 27 1 3 0
"2622" 50 5 28 1 3 0
"2623" 50 5 29 1 3 0
"2624" 50 5 30 0 0 0
"2625" 50 5 31 0 0 0
"2626" 50 5 32 0 0 0
"2627" 50 5 33 1 3 0
"2628" 50 5 34 1 3 1
"2629" 26 6 1 0 0 0
"2630" 26 6 2 0 0 0
"2631" 26 6 3 0 0 0
"2632" 26 6 4 0 0 0
"2633" 26 6 5 0 0 0
"2634" 26 6 6 1 0 0
"2635" 26 6 7 1 3 0
"2636" 26 6 8 1 0 0
"2637" 26 6 9 1 3 0
"2638" 26 6 10 1 0 0
"2639" 26 6 11 1 3 0
"2640" 26 6 12 1 0 0
"2641" 26 6 13 0 0 0
"2642" 26 6 14 0 0 0
"2643" 26 6 15 0 0 0
"2644" 26 6 16 0 0 0
"2645" 26 6 17 0 0 0
"2646" 26 6 18 0 0 0
"2647" 26 6 19 0 0 0
"2648" 26 6 20 0 0 0
"2649" 26 6 21 0 0 0
"2650" 26 6 22 0 0 0
"2651" 26 6 23 0 0 0
"2652" 26 6 24 0 0 0
"2653" 26 6 25 0 0 0
"2654" 26 6 26 0 0 0
"2655" 26 6 27 0 0 0
"2656" 26 6 28 0 0 0
"2657" 26 6 29 0 0 0
"2658" 26 6 30 1 0 0
"2659" 26 6 31 1 3 0
"2660" 26 6 32 1 0 0
"2661" 26 6 33 1 3 0
"2662" 26 6 34 1 0 0
"2663" 26 6 35 1 0 0
"2664" 26 6 36 1 0 0
"2665" 26 6 37 1 0 0
"2666" 26 6 38 1 3 1
"2667" 27 6 1 0 0 0
"2668" 27 6 2 0 0 0
"2669" 27 6 3 0 0 0
"2670" 27 6 4 0 0 0
"2671" 27 6 5 0 0 0
"2672" 27 6 6 1 0 0
"2673" 27 6 7 1 3 0
"2674" 27 6 8 1 3 0
"2675" 27 6 9 1 0 1
"2676" 28 6 1 0 0 0
"2677" 28 6 2 0 0 0
"2678" 28 6 3 0 0 0
"2679" 28 6 4 1 0 0
"2680" 28 6 5 1 0 0
"2681" 28 6 6 1 0 0
"2682" 28 6 7 1 3 0
"2683" 28 6 8 0 0 0
"2684" 28 6 9 0 0 0
"2685" 28 6 10 0 0 0
"2686" 28 6 11 0 0 0
"2687" 28 6 12 0 0 1
"2688" 29 6 1 0 0 0
"2689" 29 6 2 1 0 0
"2690" 29 6 3 0 0 0
"2691" 29 6 4 1 3 1
"2692" 30 6 1 0 0 0
"2693" 30 6 2 1 0 0
"2694" 30 6 3 1 0 0
"2695" 30 6 4 0 0 0
"2696" 30 6 5 1 3 0
"2697" 30 6 6 0 32 0
"2698" 30 6 7 1 0 0
"2699" 30 6 8 0 0 0
"2700" 30 6 9 0 0 0
"2701" 30 6 10 1 0 0
"2702" 30 6 11 0 0 0
"2703" 30 6 12 1 0 0
"2704" 30 6 13 0 0 0
"2705" 30 6 14 0 0 0
"2706" 30 6 15 0 0 0
"2707" 30 6 16 0 0 0
"2708" 30 6 17 0 0 0
"2709" 30 6 18 0 0 0
"2710" 30 6 19 0 0 0
"2711" 30 6 20 0 0 0
"2712" 30 6 21 1 0 0
"2713" 30 6 22 1 3 0
"2714" 30 6 23 1 3 0
"2715" 30 6 24 1 0 0
"2716" 30 6 25 1 0 0
"2717" 30 6 26 1 0 0
"2718" 30 6 27 1 0 0
"2719" 30 6 28 0 0 0
"2720" 30 6 29 1 0 0
"2721" 30 6 30 0 0 0
"2722" 30 6 31 1 3 0
"2723" 30 6 32 1 0 0
"2724" 30 6 33 0 0 0
"2725" 30 6 34 0 0 0
"2726" 30 6 35 0 0 0
"2727" 30 6 36 0 0 0
"2728" 30 6 37 0 0 0
"2729" 30 6 38 0 0 0
"2730" 30 6 39 1 0 0
"2731" 30 6 40 1 0 0
"2732" 30 6 41 1 0 0
"2733" 30 6 42 1 0 0
"2734" 30 6 43 0 0 0
"2735" 30 6 44 0 0 0
"2736" 30 6 45 0 0 0
"2737" 30 6 46 0 0 0
"2738" 30 6 47 1 0 0
"2739" 30 6 48 1 0 0
"2740" 30 6 49 1 3 1
"2741" 31 6 1 1 0 0
"2742" 31 6 2 0 0 0
"2743" 31 6 3 1 0 0
"2744" 31 6 4 0 0 0
"2745" 31 6 5 1 0 0
"2746" 31 6 6 0 0 0
"2747" 31 6 7 1 0 0
"2748" 31 6 8 0 0 0
"2749" 31 6 9 1 0 0
"2750" 31 6 10 0 0 1
"2751" 32 6 1 0 0 0
"2752" 32 6 2 0 0 0
"2753" 32 6 3 0 0 0
"2754" 32 6 4 0 32 0
"2755" 32 6 5 0 0 0
"2756" 32 6 6 0 0 0
"2757" 32 6 7 0 0 0
"2758" 32 6 8 0 0 0
"2759" 32 6 9 0 0 0
"2760" 32 6 10 0 0 0
"2761" 32 6 11 0 0 0
"2762" 32 6 12 0 0 0
"2763" 32 6 13 0 0 0
"2764" 32 6 14 0 0 0
"2765" 32 6 15 1 0 0
"2766" 32 6 16 1 0 0
"2767" 32 6 17 1 0 0
"2768" 32 6 18 1 0 0
"2769" 32 6 19 1 0 0
"2770" 32 6 20 1 0 0
"2771" 32 6 21 1 0 0
"2772" 32 6 22 1 3 0
"2773" 32 6 23 1 0 0
"2774" 32 6 24 1 0 0
"2775" 32 6 25 1 3 0
"2776" 32 6 26 1 0 0
"2777" 32 6 27 1 0 0
"2778" 32 6 28 1 0 0
"2779" 32 6 29 1 3 0
"2780" 32 6 30 1 0 0
"2781" 32 6 31 1 0 0
"2782" 32 6 32 1 3 0
"2783" 32 6 33 1 0 0
"2784" 32 6 34 1 0 0
"2785" 32 6 35 1 3 0
"2786" 32 6 36 0 0 0
"2787" 32 6 37 0 0 0
"2788" 32 6 38 0 0 0
"2789" 32 6 39 0 0 0
"2790" 32 6 40 0 0 0
"2791" 32 6 41 0 0 0
"2792" 32 6 42 0 0 0
"2793" 32 6 43 0 0 0
"2794" 32 6 44 0 0 0
"2795" 32 6 45 0 0 1
"2796" 33 6 1 0 0 0
"2797" 33 6 2 1 0 0
"2798" 33 6 3 0 0 0
"2799" 33 6 4 0 0 0
"2800" 33 6 5 0 0 0
"2801" 33 6 6 1 0 0
"2802" 33 6 7 1 0 0
"2803" 33 6 8 0 0 0
"2804" 33 6 9 1 3 1
"2805" 34 6 1 1 3 0
"2806" 34 6 2 1 0 0
"2807" 34 6 3 1 0 0
"2808" 34 6 4 1 0 0
"2809" 34 6 5 1 0 0
"2810" 34 6 6 1 0 0
"2811" 34 6 7 0 0 0
"2812" 34 6 8 0 0 0
"2813" 34 6 9 0 0 0
"2814" 34 6 10 0 0 0
"2815" 34 6 11 0 0 0
"2816" 34 6 12 0 0 0
"2817" 34 6 13 0 0 0
"2818" 34 6 14 1 0 0
"2819" 34 6 15 1 3 0
"2820" 34 6 16 1 0 0
"2821" 34 6 17 1 0 0
"2822" 34 6 18 1 0 1
"2823" 35 6 1 1 3 0
"2824" 35 6 2 0 0 0
"2825" 35 6 3 1 0 0
"2826" 35 6 4 0 0 0
"2827" 35 6 5 1 0 0
"2828" 35 6 6 0 0 0
"2829" 35 6 7 1 0 0
"2830" 35 6 8 0 0 0
"2831" 35 6 9 1 0 0
"2832" 35 6 10 0 0 0
"2833" 35 6 11 1 0 0
"2834" 35 6 12 0 0 0
"2835" 35 6 13 1 3 0
"2836" 35 6 14 0 0 0
"2837" 35 6 15 1 3 1
"2838" 36 6 1 0 0 0
"2839" 36 6 2 1 0 0
"2840" 36 6 3 0 0 0
"2841" 36 6 4 0 0 0
"2842" 36 6 5 1 0 0
"2843" 36 6 6 1 0 0
"2844" 36 6 7 0 32 0
"2845" 36 6 8 1 0 0
"2846" 36 6 9 0 0 0
"2847" 36 6 10 1 3 0
"2848" 36 6 11 0 0 0
"2849" 36 6 12 1 0 0
"2850" 36 6 13 0 0 0
"2851" 36 6 14 1 0 0
"2852" 36 6 15 0 0 0
"2853" 36 6 16 1 0 0
"2854" 36 6 17 1 0 0
"2855" 36 6 18 0 0 0
"2856" 36 6 19 1 0 0
"2857" 36 6 20 0 0 0
"2858" 36 6 21 1 3 0
"2859" 36 6 22 0 0 0
"2860" 36 6 23 0 0 0
"2861" 36 6 24 1 3 0
"2862" 36 6 25 0 0 0
"2863" 36 6 26 1 0 0
"2864" 36 6 27 1 0 0
"2865" 36 6 28 0 0 0
"2866" 36 6 29 1 0 0
"2867" 36 6 30 1 0 0
"2868" 36 6 31 0 0 0
"2869" 36 6 32 1 3 0
"2870" 36 6 33 0 0 0
"2871" 36 6 34 1 0 0
"2872" 36 6 35 0 0 0
"2873" 36 6 36 1 0 0
"2874" 36 6 37 1 0 0
"2875" 36 6 38 0 0 0
"2876" 36 6 39 1 0 0
"2877" 36 6 40 1 0 0
"2878" 36 6 41 0 0 0
"2879" 36 6 42 1 0 0
"2880" 36 6 43 0 0 0
"2881" 36 6 44 1 0 0
"2882" 36 6 45 0 0 0
"2883" 36 6 46 1 0 0
"2884" 36 6 47 0 0 0
"2885" 36 6 48 1 0 0
"2886" 36 6 49 0 0 0
"2887" 36 6 50 1 0 0
"2888" 36 6 51 0 0 0
"2889" 36 6 52 1 3 0
"2890" 36 6 53 0 0 1
"2891" 37 6 1 0 0 0
"2892" 37 6 2 0 0 0
"2893" 37 6 3 0 0 0
"2894" 37 6 4 0 0 0
"2895" 37 6 5 0 0 0
"2896" 37 6 6 0 0 0
"2897" 37 6 7 1 0 0
"2898" 37 6 8 1 3 1
"2899" 38 6 1 1 0 0
"2900" 38 6 2 1 3 0
"2901" 38 6 3 1 0 0
"2902" 38 6 4 1 0 0
"2903" 38 6 5 1 0 0
"2904" 38 6 6 1 0 0
"2905" 38 6 7 1 3 0
"2906" 38 6 8 1 3 0
"2907" 38 6 9 1 0 0
"2908" 38 6 10 1 0 0
"2909" 38 6 11 1 0 0
"2910" 38 6 12 1 0 0
"2911" 38 6 13 1 0 0
"2912" 38 6 14 1 0 0
"2913" 38 6 15 1 0 0
"2914" 38 6 16 1 0 0
"2915" 38 6 17 1 3 0
"2916" 38 6 18 0 0 0
"2917" 38 6 19 0 0 0
"2918" 38 6 20 0 0 0
"2919" 38 6 21 0 0 0
"2920" 38 6 22 0 0 0
"2921" 38 6 23 0 0 0
"2922" 38 6 24 0 0 0
"2923" 38 6 25 0 0 0
"2924" 38 6 26 0 0 0
"2925" 38 6 27 0 0 0
"2926" 38 6 28 0 0 0
"2927" 38 6 29 0 0 0
"2928" 38 6 30 0 32 0
"2929" 38 6 31 0 0 0
"2930" 38 6 32 0 0 0
"2931" 38 6 33 0 0 0
"2932" 38 6 34 0 0 0
"2933" 38 6 35 0 0 0
"2934" 38 6 36 0 0 0
"2935" 38 6 37 0 0 0
"2936" 38 6 38 0 0 0
"2937" 38 6 39 0 0 0
"2938" 38 6 40 0 0 0
"2939" 38 6 41 0 0 1
"2940" 39 6 1 1 0 0
"2941" 39 6 2 1 0 0
"2942" 39 6 3 1 0 0
"2943" 39 6 4 1 0 0
"2944" 39 6 5 1 0 0
"2945" 39 6 6 0 0 0
"2946" 39 6 7 0 0 0
"2947" 39 6 8 0 0 0
"2948" 39 6 9 0 0 0
"2949" 39 6 10 0 0 0
"2950" 39 6 11 0 0 0
"2951" 39 6 12 1 0 0
"2952" 39 6 13 1 0 0
"2953" 39 6 14 1 0 0
"2954" 39 6 15 0 0 0
"2955" 39 6 16 0 0 1
"2956" 40 6 1 1 0 0
"2957" 40 6 2 1 0 0
"2958" 40 6 3 1 0 0
"2959" 40 6 4 1 3 0
"2960" 40 6 5 1 3 0
"2961" 40 6 6 1 3 0
"2962" 40 6 7 1 3 0
"2963" 40 6 8 1 0 0
"2964" 40 6 9 1 0 0
"2965" 40 6 10 0 0 0
"2966" 40 6 11 0 0 0
"2967" 40 6 12 0 0 0
"2968" 40 6 13 0 0 0
"2969" 40 6 14 0 0 0
"2970" 40 6 15 0 0 0
"2971" 40 6 16 0 0 1
"2972" 41 6 1 0 0 0
"2973" 41 6 2 0 0 0
"2974" 41 6 3 0 0 0
"2975" 41 6 4 0 0 0
"2976" 41 6 5 1 0 0
"2977" 41 6 6 1 0 0
"2978" 41 6 7 1 0 0
"2979" 41 6 8 1 3 0
"2980" 41 6 9 0 0 0
"2981" 41 6 10 0 0 0
"2982" 41 6 11 0 0 0
"2983" 41 6 12 0 0 0
"2984" 41 6 13 1 0 0
"2985" 41 6 14 1 0 0
"2986" 41 6 15 1 0 0
"2987" 41 6 16 1 0 0
"2988" 41 6 17 1 0 0
"2989" 41 6 18 1 0 0
"2990" 41 6 19 1 0 0
"2991" 41 6 20 1 0 0
"2992" 41 6 21 1 0 0
"2993" 41 6 22 1 0 0
"2994" 41 6 23 1 0 0
"2995" 41 6 24 0 0 0
"2996" 41 6 25 0 0 0
"2997" 41 6 26 0 0 0
"2998" 41 6 27 0 0 0
"2999" 41 6 28 1 0 0
"3000" 41 6 29 1 0 0
"3001" 41 6 30 1 0 0
"3002" 41 6 31 1 3 1
"3003" 42 6 1 1 0 0
"3004" 42 6 2 1 3 0
"3005" 42 6 3 1 0 0
"3006" 42 6 4 1 0 0
"3007" 42 6 5 1 0 0
"3008" 42 6 6 1 0 0
"3009" 42 6 7 1 0 0
"3010" 42 6 8 1 0 0
"3011" 42 6 9 0 0 0
"3012" 42 6 10 0 0 0
"3013" 42 6 11 0 0 0
"3014" 42 6 12 0 0 0
"3015" 42 6 13 0 0 0
"3016" 42 6 14 0 0 0
"3017" 42 6 15 0 0 0
"3018" 42 6 16 0 0 0
"3019" 42 6 17 0 0 1
"3020" 43 6 1 0 0 0
"3021" 43 6 2 0 0 0
"3022" 43 6 3 0 0 0
"3023" 43 6 4 0 32 0
"3024" 43 6 5 0 0 0
"3025" 43 6 6 0 0 0
"3026" 43 6 7 1 0 0
"3027" 43 6 8 1 0 1
"3028" 44 6 1 1 0 0
"3029" 44 6 2 0 0 1
"3030" 45 6 1 0 0 0
"3031" 45 6 2 0 0 0
"3032" 45 6 3 0 0 0
"3033" 45 6 4 0 0 0
"3034" 45 6 5 0 0 0
"3035" 45 6 6 0 0 0
"3036" 45 6 7 1 0 0
"3037" 45 6 8 1 0 0
"3038" 45 6 9 1 3 0
"3039" 45 6 10 1 0 0
"3040" 45 6 11 1 0 0
"3041" 45 6 12 1 0 0
"3042" 45 6 13 1 0 0
"3043" 45 6 14 1 3 0
"3044" 45 6 15 1 0 0
"3045" 45 6 16 1 3 0
"3046" 45 6 17 1 0 0
"3047" 45 6 18 1 0 0
"3048" 45 6 19 1 3 0
"3049" 45 6 20 1 0 0
"3050" 45 6 21 0 0 0
"3051" 45 6 22 0 0 0
"3052" 45 6 23 0 0 0
"3053" 45 6 24 1 3 0
"3054" 45 6 25 1 0 0
"3055" 45 6 26 1 0 0
"3056" 45 6 27 0 0 0
"3057" 45 6 28 0 0 0
"3058" 45 6 29 1 0 0
"3059" 45 6 30 1 0 0
"3060" 45 6 31 1 3 1
"3061" 46 6 1 1 0 0
"3062" 46 6 2 0 0 0
"3063" 46 6 3 0 0 1
"3064" 47 6 1 1 3 0
"3065" 47 6 2 0 0 0
"3066" 47 6 3 1 0 0
"3067" 47 6 4 0 0 0
"3068" 47 6 5 1 0 0
"3069" 47 6 6 0 0 0
"3070" 47 6 7 1 0 0
"3071" 47 6 8 0 0 0
"3072" 47 6 9 1 0 0
"3073" 47 6 10 0 0 0
"3074" 47 6 11 1 3 1
"3075" 48 6 1 0 32 0
"3076" 48 6 2 0 0 0
"3077" 48 6 3 0 0 0
"3078" 48 6 4 0 0 0
"3079" 48 6 5 0 0 0
"3080" 48 6 6 0 0 0
"3081" 48 6 7 0 0 0
"3082" 48 6 8 0 0 0
"3083" 48 6 9 1 3 0
"3084" 48 6 10 1 0 0
"3085" 48 6 11 1 3 0
"3086" 48 6 12 1 3 0
"3087" 48 6 13 1 0 0
"3088" 48 6 14 1 0 0
"3089" 48 6 15 1 0 0
"3090" 48 6 16 1 3 0
"3091" 48 6 17 0 0 1
"3092" 49 6 1 0 0 0
"3093" 49 6 2 0 0 0
"3094" 49 6 3 0 0 0
"3095" 49 6 4 0 0 0
"3096" 49 6 5 0 0 0
"3097" 49 6 6 1 0 0
"3098" 49 6 7 1 3 0
"3099" 49 6 8 1 0 0
"3100" 49 6 9 1 0 0
"3101" 49 6 10 1 0 0
"3102" 49 6 11 1 0 0
"3103" 49 6 12 1 0 0
"3104" 49 6 13 1 0 0
"3105" 49 6 14 0 0 0
"3106" 49 6 15 0 0 0
"3107" 49 6 16 0 0 0
"3108" 49 6 17 0 0 0
"3109" 49 6 18 0 0 0
"3110" 49 6 19 0 0 0
"3111" 49 6 20 0 0 1
"3112" 50 6 1 1 0 0
"3113" 50 6 2 1 0 0
"3114" 50 6 3 1 3 0
"3115" 50 6 4 0 0 0
"3116" 50 6 5 1 0 0
"3117" 50 6 6 1 3 0
"3118" 50 6 7 1 0 0
"3119" 50 6 8 1 3 0
"3120" 50 6 9 0 0 0
"3121" 50 6 10 0 0 0
"3122" 50 6 11 0 0 0
"3123" 50 6 12 0 0 0
"3124" 50 6 13 1 3 0
"3125" 50 6 14 1 0 0
"3126" 50 6 15 1 0 0
"3127" 50 6 16 1 3 0
"3128" 50 6 17 1 0 0
"3129" 50 6 18 1 0 0
"3130" 50 6 19 1 0 0
"3131" 50 6 20 1 0 0
"3132" 50 6 21 1 0 0
"3133" 50 6 22 1 0 0
"3134" 50 6 23 1 0 0
"3135" 50 6 24 0 0 0
"3136" 50 6 25 0 0 1
