 48  28  1  17.2  .09  5  5.9  1  5  3  32  35  5.9  6.91 
 22  12  2  9  .97 -6.7  9.1  0  9.1  9  9  18  9.1  9 
 41  21  3  20.1  .95  6.5  19.6  1  20.1  2  8  10  19.6  20.1 
 28  18  4  3.3  .91 -3.5  2.7  1  3.3  6  17  23  2.7  2.9 
 24  14  5  1  .93 -7.1  .6  0  .6  7  15  22  .6 -.62 
 49  29  6  18.9  .9  6.7  17.7  1  18.9  1  3  4  17.7  18.9 
 30  20  7  2.1  .06 -9.4 -8.4  1 -9.4  33  90  123 -8.4 -8.51 
 7  7  8 -9.7  .06 -24.8 -24.2  1 -24.8  28  59  87 -24.2 -24.29 
 29  19  9  5  .4 -6.9 -3.8  1  5  19  25  44 -3.8 -2.62 
 4  4  10 -1.4  .02 -9.1 -9  0 -9  18  25  43 -9 -9.1 
 26  16  11  8.9  .1 -1.4 -.9  1 -1.4  17  68  85 -.9 -.49 
 42  22  12  5.2  .5  1.4  5.1  0  5.1  7  7  14  5.1  3.03 
 10  10  13 -2.5  .6 -5.5 -3.6  0 -3.6  10  12  22 -3.6 -4.25 
 5  5  14 -.9  .07 -4.8 -4.7  0 -4.7  17  12  29 -4.7 -4.8 
 9  9  15 -5.6  .1 -19.4 -18.1  0 -18.1  12  15  27 -18.1 -19.4 
 1  1  16 -8.7  .06 -22.8 -21.4  1 -22.8  21  42  63 -21.4 -21.46 
 44  24  17  20.7  .9  9.1  19.8  1  20.7  2  3  5  19.8  20.7 
 2  2  18 -2.2  .09 -9.6 -8.7  1 -9.6  18  49  67 -8.7 -9.15 
 45  25  19  8.4  .07  1.2  1.6  0  1.6  10  21  31  1.6  1.54 
 21  11  20  1.8  .6 -4.1  1.7  0  1.7  8  15  23  1.7  .23 
 47  27  21  23.4  .93  7.6  22.1  1  23.4  1  2  3  22.1  23.4 
 46  26  22  22.6  .4  7.2  12.4  1  22.6  4  22  26  12.4  14.2 
 23  13  23  5.5  .06 -3.4 -2.6  0 -2.6  14  29  43 -2.6 -2.79 
 3  3  24 -2  .1 -11.2 -9.5  0 -9.5  16  25  41 -9.5 -11.2 
 25  15  25  3  .2 -1.3 -.1  0 -.1  4  15  19 -.1 -.44 
 6  6  26 -4.7  .91 -18.1 -6.8  0 -6.8  7  12  19 -6.8 -9.17 
 8  8  27 -5.7  .96 -20.6 -6.4  1 -5.7  1  12  13 -6.4 -6.94 
 50  30  28  12.8  .04  4.7  4.9  0  4.9  6  18  24  4.9  4.7 
 27  17  29  9.4  .95 -6.3  8.5  0  8.5  6  8  14  8.5  7.44 
 43  23  30  12  .5  2.4  9  0  9  4  6  10  9  7.2 
