 51  21  1  19.1  .03  4.8  5.2  1  4.8  36  55  91  5.2  5.58 
 33  13  2  7.7  .02 -3.1 -3  0 -3  22  23  45 -3 -3.1 
 32  12  3  9.9  .05 -8.7 -7.6  1 -8.7  33  100  133 -7.6 -7.96 
 20  10  4 -6.9  .06 -20.5 -20.3  1 -20.5  24  42  66 -20.3 -19.53 
 40  20  5  5  .9 -3.8  4.1  1  5  23  11  34  4.1  5 
 35  15  6  9.2  .91 -.7  8.2  0  8.2  6  3  9  8.2  9.2 
 37  17  7  2.9  .05 -6.5 -5.7  0 -5.7  3  9  12 -5.7 -6.5 
 12  2  8 -7.2  .05 -16.1 -15.6  1 -16.1  7  5  12 -15.6 -16.1 
 11  1  9 -5.8  .97 -16.4 -6.6  1 -5.8  11  9  20 -6.6 -5.8 
 57  27  10  5.3  .9  1.5  4.7  1  5.3  1  20  21  4.7  4.92 
 36  16  11  2.9  .98 -9.4  2.9  0  2.9  14  11  25  2.9  2.9 
 16  6  12 -9.5  .1 -24.5 -23.5  0 -23.5  2  14  16 -23.5 -23.43 
 52  22  13  12.3  .91  1.3  12.1  1  12.3  1  2  3  12.1  12.3 
 34  14  14  2.5  .96 -2  2.3  0  2.3  10  7  17  2.3  1.86 
 59  29  15  27.5  .7  9.2  21.9  1  9.2  7  21  28  21.9  22.27 
 39  19  16  6.5  .8 -4.8  6.2  0  6.2  7  4  11  6.2  3.68 
 15  5  17 -3.3  .97 -10.5 -3.2  0 -3.2  8  8  16 -3.2 -3.3 
 56  26  18  15.3  .06  5.9  7.1  0  7.1  9  2  11  7.1  5.9 
 13  3  19 -1.8  .93 -6.7 -2  1 -1.8  8  3  11 -2 -1.8 
 38  18  20  7.8  .99 -9.3  7.6  1  7.8  5  5  10  7.6  7.8 
 19  9  21 -8.6  .1 -26.5 -26.3  0 -26.3  9  7  16 -26.3 -26.5 
 60  30  22  4.4  .2  .7  1.1  0  1.1  3  3  6  1.1  .7 
 53  23  23  6.8  .9  3  6.7  1  6.8  2  3  5  6.7  5.53 
 14  4  24 -6.4  .2 -22.4 -18  0 -18  10  5  15 -18 -19.2 
 18  8  25 -1.4  .93 -4.7 -1.7  1 -1.4  5  6  11 -1.7 -1.4 
 58  28  26  21.9  .5  8.1  12.6  0  12.6  6  3  9  12.6  12.7 
 17  7  27 -2.2  .92 -11.5 -3.4  1 -11.5  6  18  24 -3.4 -4.27 
 54  24  28  22.6  .3  9.2  11  1  9.2  1  7  8  11  14.94 
 55  25  29  6.4  .09  .5  1.5  1  .5  1  1  2  1.5  6.4 
 31  11  30  .9  .2 -5 -5.3  1 -5  4  5  9 -5.3 -2.64 
