 59  29  1  27.5  .7  9.2  21.9  0  21.9  3  4  7  21.9  18.35 
 56  26  2  15.3  .06  5.9  7.1  0  7.1  3  3  6  7.1  5.9 
 40  20  3  5  .9 -3.8  4.1  0  4.1  3  3  6  4.1  2.07 
 35  15  4  9.2  .91 -.7  8.2  1  9.2  3  3  6  8.2  9.2 
 11  1  5 -5.8  .97 -16.4 -6.6  1 -5.8  3  3  6 -6.6 -5.8 
 57  27  6  5.3  .9  1.5  4.7  1  5.3  3  3  6  4.7  5.3 
 16  6  7 -9.5  .1 -24.5 -23.5  0 -23.5  3  3  6 -23.5 -24.5 
 12  2  8 -7.2  .05 -16.1 -15.6  0 -15.6  3  3  6 -15.6 -16.1 
 14  4  9 -6.4  .2 -22.4 -18  0 -18  4  4  8 -18 -18.4 
 34  14  10  2.5  .96 -2  2.3  1  2.5  3  3  6  2.3  2.5 
 51  21  11  19.1  .03  4.8  5.2  0  5.2  3  3  6  5.2  4.8 
 32  12  12  9.9  .05 -8.7 -7.6  0 -7.6  3  4  7 -7.6 -8.7 
 20  10  13 -6.9  .06 -20.5 -20.3  0 -20.3  3  2  5 -20.3 -20.5 
 17  7  14 -2.2  .92 -11.5 -3.4  1 -2.2  3  3  6 -3.4 -2.2 
 19  9  15 -8.6  .1 -26.5 -26.3  0 -26.3  3  3  6 -26.3 -26.5 
 36  16  16  2.9  .98 -9.4  2.9  0  2.9  2  3  5  2.9  2.9 
 15  5  17 -3.3  .97 -10.5 -3.2  0 -3.2  3  3  6 -3.2 -3.3 
 58  28  18  21.9  .5  8.1  12.6  1  8.1  3  4  7  12.6  15 
 54  24  19  22.6  .3  9.2  11  1  22.6  3  3  6  11  13.67 
 33  13  20  7.7  .02 -3.1 -3  1 -3.1  3  5  8 -3 -.94 
 60  30  21  4.4  .2  .7  1.1  1  .7  4  4  8  1.1  1.63 
 55  25  22  6.4  .09  .5  1.5  1  .5  4  4  8  1.5  1.98 
 52  22  23  12.3  .91  1.3  12.1  1  12.3  3  4  7  12.1  12.3 
 39  19  24  6.5  .8 -4.8  6.2  1  6.5  4  5  9  6.2  6.5 
 53  23  25  6.8  .9  3  6.7  1  6.8  3  3  6  6.7  6.8 
 37  17  26  2.9  .05 -6.5 -5.7  1 -6.5  4  5  9 -5.7 -4.62 
 38  18  27  7.8  .99 -9.3  7.6  1  7.8  2  2  4  7.6  7.8 
 31  11  28  .9  .2 -5 -5.3  1  .9  2  3  5 -5.3 -1.07 
 13  3  29 -1.8  .93 -6.7 -2  1 -1.8  3  4  7 -2 -1.8 
 18  8  30 -1.4  .93 -4.7 -1.7  1 -1.4  2  3  5 -1.7 -1.4 
