 7  7  1 -9.7  .06 -24.8 -24.2  0 -24.2  6  9  15 -24.2 -24.8 
 49  29  2  18.9  .9  6.7  17.7  0  17.7  8  7  15  17.7  17.16 
 29  19  3  5  .4 -6.9 -3.8  1 -6.9  5  11  16 -3.8 -3.65 
 43  23  4  12  .5  2.4  9  0  9  12  14  26  9  9.94 
 9  9  5 -5.6  .1 -19.4 -18.1  0 -18.1  11  6  17 -18.1 -19.4 
 48  28  6  17.2  .09  5  5.9  0  5.9  9  5  14  5.9  5 
 5  5  7 -.9  .07 -4.8 -4.7  0 -4.7  11  15  26 -4.7 -4.8 
 41  21  8  20.1  .95  6.5  19.6  0  19.6  11  9  20  19.6  18.59 
 2  2  9 -2.2  .09 -9.6 -8.7  0 -8.7  13  11  24 -8.7 -9.6 
 44  24  10  20.7  .9  9.1  19.8  0  19.8  7  24  31  19.8  19.25 
 47  27  11  23.4  .93  7.6  22.1  0  22.1  4  3  7  22.1  18.13 
 24  14  12  1  .93 -7.1  .6  0  .6  10  6  16  .6 -.35 
 46  26  13  22.6  .4  7.2  12.4  1  22.6  6  1  7  12.4  7.2 
 26  16  14  8.9  .1 -1.4 -.9  0 -.9  7  5  12 -.9 -1.4 
 42  22  15  5.2  .5  1.4  5.1  0  5.1  8  4  12  5.1  3.3 
 27  17  16  9.4  .95 -6.3  8.5  0  8.5  14  2  16  8.5  9.4 
 21  11  17  1.8  .6 -4.1  1.7  0  1.7  5  1  6  1.7  1.8 
 23  13  18  5.5  .06 -3.4 -2.6  0 -2.6  4  1  5 -2.6 -3.4 
 22  12  19  9  .97 -6.7  9.1  1 -6.7  5  3  8  9.1  9 
 10  10  20 -2.5  .6 -5.5 -3.6  0 -3.6  6  6  12 -3.6 -4 
 45  25  21  8.4  .07  1.2  1.6  0  1.6  9  6  15  1.6  1.2 
 3  3  22 -2  .1 -11.2 -9.5  0 -9.5  4  1  5 -9.5 -11.2 
 1  1  23 -8.7  .06 -22.8 -21.4  0 -21.4  5  3  8 -21.4 -22.8 
 4  4  24 -1.4  .02 -9.1 -9  0 -9  7  1  8 -9 -9.1 
 8  8  25 -5.7  .96 -20.6 -6.4  1 -5.7  8  8  16 -6.4 -5.7 
 50  30  26  12.8  .04  4.7  4.9  1  4.7  6  4  10  4.9  4.7 
 28  18  27  3.3  .91 -3.5  2.7  1  3.3  4  3  7  2.7  3.3 
 25  15  28  3  .2 -1.3 -.1  0 -.1  6  1  7 -.1 -1.3 
 6  6  29 -4.7  .91 -18.1 -6.8  1 -4.7  1  2  3 -6.8 -4.7 
 30  20  30  2.1  .06 -9.4 -8.4  0 -8.4  2  1  3 -8.4 -9.4 
