 8  8  1 -5.7  .96 -20.6 -6.4  0 -6.4  34  50  84 -6.4 -6.3 
 47  27  2  23.4  .93  7.6  22.1  0  22.1  14  20  34  22.1  22.61 
 25  15  3  3  .2 -1.3 -.1  0 -.1  4  4  8 -.1 -.23 
 6  6  4 -4.7  .91 -18.1 -6.8  0 -6.8  13  13  26 -6.8 -7.79 
 4  4  5 -1.4  .02 -9.1 -9  0 -9  6  5  11 -9 -9.1 
 9  9  6 -5.6  .1 -19.4 -18.1  0 -18.1  4  2  6 -18.1 -19.4 
 23  13  7  5.5  .06 -3.4 -2.6  0 -2.6  4  2  6 -2.6 -3.4 
 24  14  8  1  .93 -7.1  .6  1  1  2  3  5  .6  1 
 1  1  9 -8.7  .06 -22.8 -21.4  1 -22.8  4  7  11 -21.4 -18.77 
 30  20  10  2.1  .06 -9.4 -8.4  0 -8.4  4  4  8 -8.4 -9.4 
 27  17  11  9.4  .95 -6.3  8.5  1 -6.3  3  3  6  8.5  9.4 
 43  23  12  12  .5  2.4  9  0  9  7  11  18  9  10.25 
 22  12  13  9  .97 -6.7  9.1  0  9.1  6  5  11  9.1  9 
 28  18  14  3.3  .91 -3.5  2.7  1  3.3  5  3  8  2.7  3.3 
 2  2  15 -2.2  .09 -9.6 -8.7  0 -8.7  4  3  7 -8.7 -9.6 
 41  21  16  20.1  .95  6.5  19.6  1  20.1  3  4  7  19.6  20.1 
 21  11  17  1.8  .6 -4.1  1.7  0  1.7  8  7  15  1.7  .11 
 5  5  18 -.9  .07 -4.8 -4.7  1 -4.8  3  4  7 -4.7 -2.85 
 7  7  19 -9.7  .06 -24.8 -24.2  1 -24.8  3  5  8 -24.2 -21.78 
 26  16  20  8.9  .1 -1.4 -.9  0 -.9  3  8  11 -.9 -.11 
 46  26  21  22.6  .4  7.2  12.4  0  12.4  2  4  6  12.4  14.9 
 45  25  22  8.4  .07  1.2  1.6  0  1.6  4  5  9  1.6  1.2 
 10  10  23 -2.5  .6 -5.5 -3.6  0 -3.6  3  7  10 -3.6 -3.36 
 42  22  24  5.2  .5  1.4  5.1  1  5.2  3  3  6  5.1  5.2 
 44  24  25  20.7  .9  9.1  19.8  1  20.7  4  3  7  19.8  20.7 
 48  28  26  17.2  .09  5  5.9  0  5.9  5  3  8  5.9  5 
 49  29  27  18.9  .9  6.7  17.7  0  17.7  2  3  5  17.7  10.77 
 50  30  28  12.8  .04  4.7  4.9  0  4.9  3  4  7  4.9  4.7 
 3  3  29 -2  .1 -11.2 -9.5  0 -9.5  2  3  5 -9.5 -11.2 
 29  19  30  5  .4 -6.9 -3.8  0 -3.8  2  3  5 -3.8  1.03 
