 30  20  1  2.1  .06 -9.4 -8.4  0 -8.4  19  10  29 -8.4 -9.4 
 29  19  2  5  .4 -6.9 -3.8  1  5  10  7  17 -3.8  5 
 26  16  3  8.9  .1 -1.4 -.9  0 -.9  6  4  10 -.9 -1.4 
 3  3  4 -2  .1 -11.2 -9.5  0 -9.5  11  12  23 -9.5 -10.43 
 46  26  5  22.6  .4  7.2  12.4  0  12.4  11  5  16  12.4  7.2 
 4  4  6 -1.4  .02 -9.1 -9  0 -9  5  14  19 -9 -9.1 
 6  6  7 -4.7  .91 -18.1 -6.8  1 -18.1  8  7  15 -6.8 -6.61 
 10  10  8 -2.5  .6 -5.5 -3.6  1 -2.5  14  13  27 -3.6 -3.19 
 42  22  9  5.2  .5  1.4  5.1  0  5.1  17  11  28  5.1  3.47 
 41  21  10  20.1  .95  6.5  19.6  1  20.1  19  16  35  19.6  20.1 
 8  8  11 -5.7  .96 -20.6 -6.4  1 -5.7  11  9  20 -6.4 -5.7 
 9  9  12 -5.6  .1 -19.4 -18.1  1 -19.4  15  16  31 -18.1 -18.54 
 28  18  13  3.3  .91 -3.5  2.7  1  3.3  14  10  24  2.7  2.62 
 48  28  14  17.2  .09  5  5.9  1  17.2  7  6  13  5.9  7.03 
 22  12  15  9  .97 -6.7  9.1  1  9  11  24  35  9.1  9 
 23  13  16  5.5  .06 -3.4 -2.6  1 -3.4  15  7  22 -2.6 -2.13 
 5  5  17 -.9  .07 -4.8 -4.7  1 -4.8  7  11  18 -4.7 -4.45 
 24  14  18  1  .93 -7.1  .6  0  .6  29  6  35  .6 -.35 
 1  1  19 -8.7  .06 -22.8 -21.4  1 -22.8  9  13  22 -21.4 -21.72 
 43  23  20  12  .5  2.4  9  1  2.4  5  6  11  9  10.4 
 45  25  21  8.4  .07  1.2  1.6  1  1.2  9  21  30  1.6  1.54 
 50  30  22  12.8  .04  4.7  4.9  0  4.9  15  19  34  4.9  4.7 
 49  29  23  18.9  .9  6.7  17.7  0  17.7  9  9  18  17.7  14.83 
 44  24  24  20.7  .9  9.1  19.8  0  19.8  5  5  10  19.8  18.38 
 21  11  25  1.8  .6 -4.1  1.7  0  1.7  4  4  8  1.7 -1.15 
 47  27  26  23.4  .93  7.6  22.1  0  22.1  9  10  19  22.1  21.82 
 27  17  27  9.4  .95 -6.3  8.5  0  8.5  15  14  29  8.5  8.28 
 2  2  28 -2.2  .09 -9.6 -8.7  0 -8.7  8  8  16 -8.7 -9.6 
 7  7  29 -9.7  .06 -24.8 -24.2  1 -24.8  13  13  26 -24.2 -24.8 
 25  15  30  3  .2 -1.3 -.1  1 -1.3  8  9  17 -.1 -.34 
