 9  9  1 -5.6  .1 -19.4 -18.1  1 -19.4  21  34  55 -18.1 -17.37 
 47  27  2  23.4  .93  7.6  22.1  0  22.1  5  5  10  22.1  20.24 
 24  14  3  1  .93 -7.1  .6  1  1  7  6  13  .6  1 
 10  10  4 -2.5  .6 -5.5 -3.6  0 -3.6  4  4  8 -3.6 -4 
 8  8  5 -5.7  .96 -20.6 -6.4  0 -6.4  3  5  8 -6.4 -8.68 
 5  5  6 -.9  .07 -4.8 -4.7  0 -4.7  5  10  15 -4.7 -4.8 
 22  12  7  9  .97 -6.7  9.1  0  9.1  3  14  17  9.1  9 
 2  2  8 -2.2  .09 -9.6 -8.7  0 -8.7  5  7  12 -8.7 -9.6 
 29  19  9  5  .4 -6.9 -3.8  1 -6.9  2  3  5 -3.8  1.03 
 50  30  10  12.8  .04  4.7  4.9  1  4.7  5  6  11  4.9  6.05 
 49  29  11  18.9  .9  6.7  17.7  0  17.7  2  3  5  17.7  14.83 
 43  23  12  12  .5  2.4  9  0  9  4  5  9  9  4.32 
 4  4  13 -1.4  .02 -9.1 -9  1 -9.1  1  2  3 -9 -5.25 
 28  18  14  3.3  .91 -3.5  2.7  0  2.7  3  4  7  2.7  1.6 
 46  26  15  22.6  .4  7.2  12.4  0  12.4  4  3  7  12.4  12.33 
 48  28  16  17.2  .09  5  5.9  1  5  3  3  6  5.9  9.07 
 7  7  17 -9.7  .06 -24.8 -24.2  1 -24.8  3  3  6 -24.2 -19.77 
 26  16  18  8.9  .1 -1.4 -.9  1 -1.4  7  15  22 -.9 -.03 
 44  24  19  20.7  .9  9.1  19.8  0  19.8  2  3  5  19.8  16.83 
 25  15  20  3  .2 -1.3 -.1  0 -.1  2  4  6 -.1 -.23 
 41  21  21  20.1  .95  6.5  19.6  1  20.1  6  19  25  19.6  20.1 
 45  25  22  8.4  .07  1.2  1.6  1  1.2  2  4  6  1.6  4.8 
 3  3  23 -2  .1 -11.2 -9.5  0 -9.5  4  9  13 -9.5 -10.18 
 21  11  24  1.8  .6 -4.1  1.7  1  1.8  3  8  11  1.7  1.8 
 6  6  25 -4.7  .91 -18.1 -6.8  0 -6.8  3  3  6 -6.8 -9.17 
 23  13  26  5.5  .06 -3.4 -2.6  0 -2.6  4  5  9 -2.6  1.94 
 42  22  27  5.2  .5  1.4  5.1  0  5.1  3  4  7  5.1  4.25 
 27  17  28  9.4  .95 -6.3  8.5  0  8.5  3  2  5  8.5  1.55 
 1  1  29 -8.7  .06 -22.8 -21.4  1 -22.8  2  7  9 -21.4 -20.79 
 30  20  30  2.1  .06 -9.4 -8.4  0 -8.4  3  13  16 -8.4 -9.4 
