 8  8  1 -5.7  .96 -20.6 -6.4  1 -5.7  3  2  5 -6.4 -5.7 
 45  25  2  8.4  .07  1.2  1.6  0  1.6  4  2  6  1.6  1.2 
 22  12  3  9  .97 -6.7  9.1  0  9.1  3  2  5  9.1  9 
 2  2  4 -2.2  .09 -9.6 -8.7  0 -8.7  1  1  2 -8.7 -9.6 
 24  14  5  1  .93 -7.1  .6  1  1  3  3  6  .6  1 
 50  30  6  12.8  .04  4.7  4.9  1  4.7  8  8  16  4.9  5.71 
 48  28  7  17.2  .09  5  5.9  0  5.9  2  2  4  5.9  5 
 44  24  8  20.7  .9  9.1  19.8  1  20.7  4  4  8  19.8  17.8 
 4  4  9 -1.4  .02 -9.1 -9  1 -9.1  3  2  5 -9 -9.1 
 7  7  10 -9.7  .06 -24.8 -24.2  0 -24.2  12  12  24 -24.2 -24.8 
 9  9  11 -5.6  .1 -19.4 -18.1  0 -18.1  2  2  4 -18.1 -19.4 
 5  5  12 -.9  .07 -4.8 -4.7  1 -.9  6  5  11 -4.7 -4.8 
 28  18  13  3.3  .91 -3.5  2.7  1  3.3  10  6  16  2.7  3.3 
 10  10  14 -2.5  .6 -5.5 -3.6  1 -5.5  2  3  5 -3.6 -3.5 
 6  6  15 -4.7  .91 -18.1 -6.8  1 -4.7  3  2  5 -6.8 -4.7 
 3  3  16 -2  .1 -11.2 -9.5  0 -9.5  14  6  20 -9.5 -11.2 
 25  15  17  3  .2 -1.3 -.1  1 -1.3  8  11  19 -.1 -.13 
 49  29  18  18.9  .9  6.7  17.7  0  17.7  2  1  3  17.7  18.9 
 30  20  19  2.1  .06 -9.4 -8.4  1 -9.4  2  2  4 -8.4 -3.65 
 21  11  20  1.8  .6 -4.1  1.7  0  1.7  2  2  4  1.7  1.8 
 23  13  21  5.5  .06 -3.4 -2.6  0 -2.6  8  7  15 -2.6 -3.4 
 29  19  22  5  .4 -6.9 -3.8  1 -6.9  1  1  2 -3.8  5 
 46  26  23  22.6  .4  7.2  12.4  0  12.4  1  1  2  12.4  7.2 
 41  21  24  20.1  .95  6.5  19.6  1  20.1  1  1  2  19.6  20.1 
 26  16  25  8.9  .1 -1.4 -.9  0 -.9  1  1  2 -.9 -1.4 
 43  23  26  12  .5  2.4  9  1  12  1  1  2  9  12 
 27  17  27  9.4  .95 -6.3  8.5  0  8.5  1  1  2  8.5 -6.3 
 42  22  28  5.2  .5  1.4  5.1  0  5.1  1  1  2  5.1  1.4 
 1  1  29 -8.7  .06 -22.8 -21.4  0 -21.4  2  2  4 -21.4 -22.8 
 47  27  30  23.4  .93  7.6  22.1  1  23.4  1  1  2  22.1  23.4 
