 60  30  1  4.4  .2  .7  1.1  1  .7  9  8  17  1.1  2.09 
 17  7  2 -2.2  .92 -11.5 -3.4  1 -2.2  10  8  18 -3.4 -2.2 
 32  12  3  9.9  .05 -8.7 -7.6  0 -7.6  13  13  26 -7.6 -8.7 
 11  1  4 -5.8  .97 -16.4 -6.6  0 -6.6  16  19  35 -6.6 -6.92 
 35  15  5  9.2  .91 -.7  8.2  1  9.2  18  30  48  8.2  8.21 
 59  29  6  27.5  .7  9.2  21.9  1  27.5  20  57  77  21.9  21.72 
 12  2  7 -7.2  .05 -16.1 -15.6  0 -15.6  11  37  48 -15.6 -15.14 
 18  8  8 -1.4  .93 -4.7 -1.7  0 -1.7  15  28  43 -1.7 -1.64 
 56  26  9  15.3  .06  5.9  7.1  0  7.1  12  16  28  7.1  7.08 
 34  14  10  2.5  .96 -2  2.3  0  2.3  7  27  34  2.3  2 
 36  16  11  2.9  .98 -9.4  2.9  0  2.9  9  20  29  2.9  2.9 
 37  17  12  2.9  .05 -6.5 -5.7  0 -5.7  5  6  11 -5.7 -6.5 
 13  3  13 -1.8  .93 -6.7 -2  0 -2  7  7  14 -2 -2.5 
 38  18  14  7.8  .99 -9.3  7.6  0  7.6  3  7  10  7.6  7.8 
 39  19  15  6.5  .8 -4.8  6.2  0  6.2  3  5  8  6.2  4.24 
 16  6  16 -9.5  .1 -24.5 -23.5  1 -24.5  6  11  17 -23.5 -23.14 
 57  27  17  5.3  .9  1.5  4.7  1  5.3  3  11  14  4.7  5.3 
 58  28  18  21.9  .5  8.1  12.6  1  21.9  3  5  8  12.6  13.62 
 14  4  19 -6.4  .2 -22.4 -18  0 -18  10  17  27 -18 -20.52 
 55  25  20  6.4  .09  .5  1.5  0  1.5  4  16  20  1.5  .5 
 53  23  21  6.8  .9  3  6.7  1  6.8  3  4  7  6.7  6.8 
 33  13  22  7.7  .02 -3.1 -3  0 -3  3  7  10 -3 -3.1 
 15  5  23 -3.3  .97 -10.5 -3.2  0 -3.2  2  4  6 -3.2 -3.3 
 31  11  24  .9  .2 -5 -5.3  1 -5  7  6  13 -5.3 -4.02 
 40  20  25  5  .9 -3.8  4.1  1  5  3  3  6  4.1  5 
 51  21  26  19.1  .03  4.8  5.2  0  5.2  2  2  4  5.2  4.8 
 52  22  27  12.3  .91  1.3  12.1  0  12.1  2  2  4  12.1  12.3 
 54  24  28  22.6  .3  9.2  11  0  11  5  3  8  11  9.2 
 19  9  29 -8.6  .1 -26.5 -26.3  1 -26.5  3  3  6 -26.3 -26.5 
 20  10  30 -6.9  .06 -20.5 -20.3  0 -20.3  2  2  4 -20.3 -20.5 
