 41  21  1  20.1  .95  6.5  19.6  0  19.6  13  14  27  19.6  19.13 
 8  8  2 -5.7  .96 -20.6 -6.4  1 -5.7  8  8  16 -6.4 -5.7 
 6  6  3 -4.7  .91 -18.1 -6.8  1 -4.7  5  6  11 -6.8 -4.7 
 27  17  4  9.4  .95 -6.3  8.5  1  9.4  7  8  15  8.5  9.4 
 30  20  5  2.1  .06 -9.4 -8.4  0 -8.4  15  15  30 -8.4 -7.87 
 28  18  6  3.3  .91 -3.5  2.7  0  2.7  13  12  25  2.7  2.17 
 9  9  7 -5.6  .1 -19.4 -18.1  0 -18.1  8  7  15 -18.1 -19.4 
 50  30  8  12.8  .04  4.7  4.9  0  4.9  7  7  14  4.9  4.7 
 48  28  9  17.2  .09  5  5.9  0  5.9  10  10  20  5.9  6.22 
 24  14  10  1  .93 -7.1  .6  1  1  12  13  25  .6 -.25 
 26  16  11  8.9  .1 -1.4 -.9  0 -.9  9  9  18 -.9 -1.4 
 43  23  12  12  .5  2.4  9  0  9  19  19  38  9  7.96 
 25  15  13  3  .2 -1.3 -.1  0 -.1  13  13  26 -.1  .02 
 49  29  14  18.9  .9  6.7  17.7  1  18.9  8  9  17  17.7  18.9 
 42  22  15  5.2  .5  1.4  5.1  0  5.1  11  11  22  5.1  2.78 
 45  25  16  8.4  .07  1.2  1.6  0  1.6  9  9  18  1.6  1.2 
 4  4  17 -1.4  .02 -9.1 -9  0 -9  20  20  40 -9 -8.71 
 47  27  18  23.4  .93  7.6  22.1  1  23.4  10  10  20  22.1  23.4 
 5  5  19 -.9  .07 -4.8 -4.7  0 -4.7  11  11  22 -4.7 -4.8 
 46  26  20  22.6  .4  7.2  12.4  0  12.4  14  15  29  12.4  10.28 
 44  24  21  20.7  .9  9.1  19.8  0  19.8  9  9  18  19.8  19.41 
 29  19  22  5  .4 -6.9 -3.8  0 -3.8  9  9  18 -3.8 -2.93 
 7  7  23 -9.7  .06 -24.8 -24.2  0 -24.2  10  10  20 -24.2 -24.8 
 21  11  24  1.8  .6 -4.1  1.7  0  1.7  7  7  14  1.7  .96 
 10  10  25 -2.5  .6 -5.5 -3.6  0 -3.6  20  20  40 -3.6 -3.7 
 3  3  26 -2  .1 -11.2 -9.5  0 -9.5  10  11  21 -9.5 -9.53 
 23  13  27  5.5  .06 -3.4 -2.6  0 -2.6  11  11  22 -2.6 -2.59 
 1  1  28 -8.7  .06 -22.8 -21.4  0 -21.4  10  10  20 -21.4 -22.8 
 2  2  29 -2.2  .09 -9.6 -8.7  0 -8.7  7  7  14 -8.7 -9.6 
 22  12  30  9  .97 -6.7  9.1  0  9.1  8  8  16  9.1  9 
