 9  9  1 -5.6  .1 -19.4 -18.1  0 -18.1  8  4  12 -18.1 -19.4 
 1  1  2 -8.7  .06 -22.8 -21.4  0 -21.4  6  4  10 -21.4 -22.8 
 10  10  3 -2.5  .6 -5.5 -3.6  0 -3.6  9  14  23 -3.6 -3.14 
 45  25  4  8.4  .07  1.2  1.6  0  1.6  8  7  15  1.6  1.2 
 30  20  5  2.1  .06 -9.4 -8.4  0 -8.4  9  7  16 -8.4 -6.11 
 28  18  6  3.3  .91 -3.5  2.7  1 -3.5  6  4  10  2.7  3.3 
 27  17  7  9.4  .95 -6.3  8.5  1 -6.3  6  4  10  8.5  9.4 
 26  16  8  8.9  .1 -1.4 -.9  1 -1.4  7  9  16 -.9  2.03 
 41  21  9  20.1  .95  6.5  19.6  1  20.1  4  7  11  19.6  20.1 
 6  6  10 -4.7  .91 -18.1 -6.8  1 -4.7  13  9  22 -6.8 -4.7 
 46  26  11  22.6  .4  7.2  12.4  0  12.4  9  6  15  12.4  9.77 
 23  13  12  5.5  .06 -3.4 -2.6  0 -2.6  8  6  14 -2.6 -3.4 
 43  23  13  12  .5  2.4  9  0  9  13  8  21  9  9.6 
 8  8  14 -5.7  .96 -20.6 -6.4  1 -5.7  7  6  13 -6.4 -5.7 
 24  14  15  1  .93 -7.1  .6  1  1  6  4  10  .6  1 
 49  29  16  18.9  .9  6.7  17.7  1  18.9  7  7  14  17.7  18.9 
 2  2  17 -2.2  .09 -9.6 -8.7  0 -8.7  10  6  16 -8.7 -8.37 
 7  7  18 -9.7  .06 -24.8 -24.2  0 -24.2  15  4  19 -24.2 -24.8 
 47  27  19  23.4  .93  7.6  22.1  1  23.4  6  7  13  22.1  23.4 
 25  15  20  3  .2 -1.3 -.1  0 -.1  8  9  17 -.1 -.82 
 42  22  21  5.2  .5  1.4  5.1  0  5.1  10  5  15  5.1  2.92 
 29  19  22  5  .4 -6.9 -3.8  0 -3.8  14  6  20 -3.8 -6.9 
 44  24  23  20.7  .9  9.1  19.8  1  20.7  10  10  20  19.8  20.7 
 3  3  24 -2  .1 -11.2 -9.5  0 -9.5  13  7  20 -9.5 -9.89 
 50  30  25  12.8  .04  4.7  4.9  1  4.7  9  10  19  4.9  5.51 
 4  4  26 -1.4  .02 -9.1 -9  1 -1.4  10  16  26 -9 -8.62 
 5  5  27 -.9  .07 -4.8 -4.7  0 -4.7  13  31  44 -4.7 -4.67 
 21  11  28  1.8  .6 -4.1  1.7  0  1.7  11  5  16  1.7 -.56 
 48  28  29  17.2  .09  5  5.9  0  5.9  10  10  20  5.9  6.22 
 22  12  30  9  .97 -6.7  9.1  0  9.1  7  2  9  9.1  1.15 
