 39  19  1  6.5  .8 -4.8  6.2  0  6.2  8  9  17  6.2  5.24 
 18  8  2 -1.4  .93 -4.7 -1.7  1 -1.4  17  16  33 -1.7 -1.4 
 57  27  3  5.3  .9  1.5  4.7  0  4.7  4  4  8  4.7  4.35 
 34  14  4  2.5  .96 -2  2.3  0  2.3  13  19  32  2.3  2.5 
 17  7  5 -2.2  .92 -11.5 -3.4  0 -3.4  4  4  8 -3.4 -4.53 
 54  24  6  22.6  .3  9.2  11  1  9.2  4  4  8  11  12.55 
 19  9  7 -8.6  .1 -26.5 -26.3  1 -26.5  4  7  11 -26.3 -23.94 
 32  12  8  9.9  .05 -8.7 -7.6  0 -7.6  12  8  20 -7.6 -8.7 
 36  16  9  2.9  .98 -9.4  2.9  0  2.9  9  8  17  2.9  1.36 
 31  11  10  .9  .2 -5 -5.3  1  .9  13  15  28 -5.3 -4.61 
 20  10  11 -6.9  .06 -20.5 -20.3  1 -20.5  6  12  18 -20.3 -20.5 
 60  30  12  4.4  .2  .7  1.1  1  .7  4  6  10  1.1  1.32 
 51  21  13  19.1  .03  4.8  5.2  0  5.2  5  6  11  5.2  4.8 
 38  18  14  7.8  .99 -9.3  7.6  0  7.6  7  15  22  7.6  6.66 
 16  6  15 -9.5  .1 -24.5 -23.5  1 -24.5  2  3  5 -23.5 -24.5 
 35  15  16  9.2  .91 -.7  8.2  0  8.2  1  2  3  8.2  9.2 
 56  26  17  15.3  .06  5.9  7.1  1  5.9  1  4  5  7.1  8.25 
 12  2  18 -7.2  .05 -16.1 -15.6  1 -16.1  3  8  11 -15.6 -14.99 
 14  4  19 -6.4  .2 -22.4 -18  0 -18  3  3  6 -18 -17.07 
 15  5  20 -3.3  .97 -10.5 -3.2  1 -3.3  3  6  9 -3.2 -3.3 
 33  13  21  7.7  .02 -3.1 -3  1 -3.1  2  5  7 -3 -3.1 
 13  3  22 -1.8  .93 -6.7 -2  1 -1.8  1  4  5 -2 -1.8 
 53  23  23  6.8  .9  3  6.7  0  6.7  3  8  11  6.7  6.32 
 59  29  24  27.5  .7  9.2  21.9  0  21.9  3  3  6  21.9  15.3 
 40  20  25  5  .9 -3.8  4.1  0  4.1  1  9  10  4.1  5 
 58  28  26  21.9  .5  8.1  12.6  1  8.1  1  3  4  12.6  12.7 
 52  22  27  12.3  .91  1.3  12.1  0  12.1  2  5  7  12.1  12.3 
 11  1  28 -5.8  .97 -16.4 -6.6  0 -6.6  8  11  19 -6.6 -5.8 
 55  25  29  6.4  .09  .5  1.5  1  .5  2  7  9  1.5  1.34 
 37  17  30  2.9  .05 -6.5 -5.7  0 -5.7  5  29  34 -5.7 -6.5 
