 59  29  1  27.5  .7  9.2  21.9  0  21.9  11  3  14  21.9  15.3 
 56  26  2  15.3  .06  5.9  7.1  0  7.1  13  9  22  7.1  6.94 
 18  8  3 -1.4  .93 -4.7 -1.7  0 -1.7  9  7  16 -1.7 -2.34 
 54  24  4  22.6  .3  9.2  11  1  22.6  18  3  21  11  13.67 
 11  1  5 -5.8  .97 -16.4 -6.6  1 -5.8  21  28  49 -6.6 -5.8 
 53  23  6  6.8  .9  3  6.7  0  6.7  22  3  25  6.7  5.53 
 52  22  7  12.3  .91  1.3  12.1  0  12.1  10  2  12  12.1  6.8 
 13  3  8 -1.8  .93 -6.7 -2  1 -1.8  14  15  29 -2 -1.8 
 12  2  9 -7.2  .05 -16.1 -15.6  0 -15.6  16  4  20 -15.6 -16.1 
 16  6  10 -9.5  .1 -24.5 -23.5  1 -24.5  10  8  18 -23.5 -22.62 
 57  27  11  5.3  .9  1.5  4.7  0  4.7  11  3  14  4.7  2.77 
 39  19  12  6.5  .8 -4.8  6.2  0  6.2  4  4  8  6.2  3.68 
 40  20  13  5  .9 -3.8  4.1  0  4.1  2  2  4  4.1  .6 
 35  15  14  9.2  .91 -.7  8.2  0  8.2  1  6  7  8.2  9.2 
 19  9  15 -8.6  .1 -26.5 -26.3  0 -26.3  2  2  4 -26.3 -26.5 
 31  11  16  .9  .2 -5 -5.3  0 -5.3  1  2  3 -5.3 -2.05 
 32  12  17  9.9  .05 -8.7 -7.6  1 -8.7  3  5  8 -7.6 -4.98 
 38  18  18  7.8  .99 -9.3  7.6  0  7.6  1  2  3  7.6  7.8 
 51  21  19  19.1  .03  4.8  5.2  0  5.2  5  19  24  5.2  4.8 
 14  4  20 -6.4  .2 -22.4 -18  0 -18  1  2  3 -18 -22.4 
 36  16  21  2.9  .98 -9.4  2.9  0  2.9  16  18  34  2.9  2.9 
 55  25  22  6.4  .09  .5  1.5  0  1.5  1  1  2  1.5  .5 
 34  14  23  2.5  .96 -2  2.3  0  2.3  1  1  2  2.3  2.5 
 15  5  24 -3.3  .97 -10.5 -3.2  0 -3.2  1  3  4 -3.2 -3.3 
 37  17  25  2.9  .05 -6.5 -5.7  0 -5.7  1  1  2 -5.7 -6.5 
 33  13  26  7.7  .02 -3.1 -3  0 -3  2  2  4 -3 -3.1 
 60  30  27  4.4  .2  .7  1.1  0  1.1  1  1  2  1.1  .7 
 58  28  28  21.9  .5  8.1  12.6  1  21.9  3  7  10  12.6  15.99 
 17  7  29 -2.2  .92 -11.5 -3.4  0 -3.4  4  2  6 -3.4 -2.2 
 20  10  30 -6.9  .06 -20.5 -20.3  0 -20.3  8  8  16 -20.3 -20.5 
