 10  10  1 -2.5  .6 -5.5 -3.6  1 -5.5  6  12  18 -3.6 -3.5 
 22  12  2  9  .97 -6.7  9.1  0  9.1  5  5  10  9.1  5.86 
 8  8  3 -5.7  .96 -20.6 -6.4  0 -6.4  2  2  4 -6.4 -5.7 
 4  4  4 -1.4  .02 -9.1 -9  0 -9  9  7  16 -9 -9.1 
 48  28  5  17.2  .09  5  5.9  0  5.9  1  1  2  5.9  5 
 42  22  6  5.2  .5  1.4  5.1  0  5.1  2  2  4  5.1  5.2 
 1  1  7 -8.7  .06 -22.8 -21.4  0 -21.4  6  6  12 -21.4 -20.45 
 24  14  8  1  .93 -7.1  .6  1  1  5  5  10  .6  1 
 30  20  9  2.1  .06 -9.4 -8.4  1 -9.4  2  2  4 -8.4 -9.4 
 26  16  10  8.9  .1 -1.4 -.9  0 -.9  2  2  4 -.9 -1.4 
 44  24  11  20.7  .9  9.1  19.8  1  20.7  2  2  4  19.8  20.7 
 27  17  12  9.4  .95 -6.3  8.5  0  8.5  1  2  3  8.5  9.4 
 5  5  13 -.9  .07 -4.8 -4.7  0 -4.7  1  2  3 -4.7 -4.8 
 9  9  14 -5.6  .1 -19.4 -18.1  0 -18.1  2  2  4 -18.1 -19.4 
 49  29  15  18.9  .9  6.7  17.7  1  18.9  1  1  2  17.7  18.9 
 23  13  16  5.5  .06 -3.4 -2.6  0 -2.6  1  2  3 -2.6 -3.4 
 41  21  17  20.1  .95  6.5  19.6  1  20.1  1  2  3  19.6  20.1 
 47  27  18  23.4  .93  7.6  22.1  1  7.6  1  2  3  22.1  23.4 
 43  23  19  12  .5  2.4  9  1  2.4  3  3  6  9  8.8 
 21  11  20  1.8  .6 -4.1  1.7  0  1.7  8  9  17  1.7 -1.48 
 46  26  21  22.6  .4  7.2  12.4  0  12.4  10  12  22  12.4  12.33 
 25  15  22  3  .2 -1.3 -.1  1  3  9  11  20 -.1  .26 
 3  3  23 -2  .1 -11.2 -9.5  0 -9.5  11  11  22 -9.5 -11.2 
 6  6  24 -4.7  .91 -18.1 -6.8  1 -4.7  8  8  16 -6.8 -4.7 
 28  18  25  3.3  .91 -3.5  2.7  1  3.3  7  8  15  2.7  3.3 
 29  19  26  5  .4 -6.9 -3.8  1 -6.9  12  17  29 -3.8 -2.7 
 45  25  27  8.4  .07  1.2  1.6  0  1.6  8  13  21  1.6  1.2 
 7  7  28 -9.7  .06 -24.8 -24.2  1 -24.8  12  19  31 -24.2 -24.01 
 50  30  29  12.8  .04  4.7  4.9  1  12.8  12  15  27  4.9  4.7 
 2  2  30 -2.2  .09 -9.6 -8.7  0 -8.7  11  10  21 -8.7 -9.6 
