 31  11  1  .9  .2 -5 -5.3  1  .9  15  15  30 -5.3 -4.61 
 60  30  2  4.4  .2  .7  1.1  0  1.1  18  21  39  1.1  .7 
 17  7  3 -2.2  .92 -11.5 -3.4  1 -2.2  12  13  25 -3.4 -2.2 
 58  28  4  21.9  .5  8.1  12.6  1  8.1  8  7  15  12.6  17.96 
 33  13  5  7.7  .02 -3.1 -3  0 -3  7  14  21 -3 -3.1 
 35  15  6  9.2  .91 -.7  8.2  0  8.2  10  11  21  8.2  7.4 
 39  19  7  6.5  .8 -4.8  6.2  1 -4.8  12  11  23  6.2  5.47 
 53  23  8  6.8  .9  3  6.7  1  6.8  11  13  24  6.7  6.8 
 59  29  9  27.5  .7  9.2  21.9  1  27.5  7  14  21  21.9  24.89 
 55  25  10  6.4  .09  .5  1.5  0  1.5  7  5  12  1.5  1.68 
 11  1  11 -5.8  .97 -16.4 -6.6  1 -5.8  14  14  28 -6.6 -5.8 
 36  16  12  2.9  .98 -9.4  2.9  1  2.9  7  7  14  2.9  2.9 
 15  5  13 -3.3  .97 -10.5 -3.2  0 -3.2  7  9  16 -3.2 -3.3 
 19  9  14 -8.6  .1 -26.5 -26.3  0 -26.3  19  10  29 -26.3 -26.5 
 54  24  15  22.6  .3  9.2  11  0  11  5  11  16  11  9.2 
 56  26  16  15.3  .06  5.9  7.1  0  7.1  5  4  9  7.1  5.9 
 34  14  17  2.5  .96 -2  2.3  1  2.5  6  5  11  2.3  2.5 
 52  22  18  12.3  .91  1.3  12.1  0  12.1  1  4  5  12.1  9.55 
 37  17  19  2.9  .05 -6.5 -5.7  0 -5.7  5  3  8 -5.7 -6.5 
 14  4  20 -6.4  .2 -22.4 -18  0 -18  8  4  12 -18 -18.4 
 51  21  21  19.1  .03  4.8  5.2  0  5.2  7  2  9  5.2  4.8 
 20  10  22 -6.9  .06 -20.5 -20.3  0 -20.3  8  5  13 -20.3 -20.5 
 40  20  23  5  .9 -3.8  4.1  1  5  7  4  11  4.1  5 
 18  8  24 -1.4  .93 -4.7 -1.7  1 -1.4  5  6  11 -1.7 -1.4 
 38  18  25  7.8  .99 -9.3  7.6  1  7.8  4  6  10  7.6  7.8 
 32  12  26  9.9  .05 -8.7 -7.6  0 -7.6  5  4  9 -7.6 -8.7 
 13  3  27 -1.8  .93 -6.7 -2  1 -1.8  5  6  11 -2 -1.8 
 12  2  28 -7.2  .05 -16.1 -15.6  0 -15.6  3  2  5 -15.6 -16.1 
 16  6  29 -9.5  .1 -24.5 -23.5  1 -24.5  5  2  7 -23.5 -17 
 57  27  30  5.3  .9  1.5  4.7  0  4.7  5  5  10  4.7  4.54 
