 22  12  1  9  .97 -6.7  9.1  0  9.1  1  1  2  9.1  9 
 41  21  2  20.1  .95  6.5  19.6  1  20.1  2  3  5  19.6  20.1 
 25  15  3  3  .2 -1.3 -.1  0 -.1  3  2  5 -.1 -1.3 
 6  6  4 -4.7  .91 -18.1 -6.8  1 -4.7  1  2  3 -6.8 -4.7 
 3  3  5 -2  .1 -11.2 -9.5  0 -9.5  3  2  5 -9.5 -11.2 
 30  20  6  2.1  .06 -9.4 -8.4  0 -8.4  1  1  2 -8.4 -9.4 
 5  5  7 -.9  .07 -4.8 -4.7  0 -4.7  2  2  4 -4.7 -4.8 
 9  9  8 -5.6  .1 -19.4 -18.1  0 -18.1  1  1  2 -18.1 -19.4 
 27  17  9  9.4  .95 -6.3  8.5  0  8.5  1  1  2  8.5  9.4 
 48  28  10  17.2  .09  5  5.9  0  5.9  1  1  2  5.9  5 
 8  8  11 -5.7  .96 -20.6 -6.4  1 -5.7  1  1  2 -6.4 -5.7 
 29  19  12  5  .4 -6.9 -3.8  1  5  1  1  2 -3.8  5 
 42  22  13  5.2  .5  1.4  5.1  0  5.1  1  1  2  5.1  1.4 
 2  2  14 -2.2  .09 -9.6 -8.7  0 -8.7  1  1  2 -8.7 -9.6 
 46  26  15  22.6  .4  7.2  12.4  1  7.2  1  1  2  12.4  22.6 
 7  7  16 -9.7  .06 -24.8 -24.2  0 -24.2  3  2  5 -24.2 -24.8 
 50  30  17  12.8  .04  4.7  4.9  0  4.9  1  1  2  4.9  4.7 
 4  4  18 -1.4  .02 -9.1 -9  0 -9  3  1  4 -9 -9.1 
 1  1  19 -8.7  .06 -22.8 -21.4  0 -21.4  2  2  4 -21.4 -22.8 
 49  29  20  18.9  .9  6.7  17.7  1  18.9  1  1  2  17.7  18.9 
 23  13  21  5.5  .06 -3.4 -2.6  0 -2.6  3  1  4 -2.6 -3.4 
 28  18  22  3.3  .91 -3.5  2.7  0  2.7  1  2  3  2.7  3.3 
 21  11  23  1.8  .6 -4.1  1.7  0  1.7  1  1  2  1.7 -4.1 
 43  23  24  12  .5  2.4  9  0  9  1  1  2  9  2.4 
 26  16  25  8.9  .1 -1.4 -.9  0 -.9  1  1  2 -.9 -1.4 
 10  10  26 -2.5  .6 -5.5 -3.6  1 -2.5  1  1  2 -3.6 -2.5 
 44  24  27  20.7  .9  9.1  19.8  1  20.7  1  1  2  19.8  20.7 
 45  25  28  8.4  .07  1.2  1.6  0  1.6  2  1  3  1.6  1.2 
 47  27  29  23.4  .93  7.6  22.1  1  23.4  1  1  2  22.1  23.4 
 24  14  30  1  .93 -7.1  .6  1  1  1  1  2  .6  1 
