 42  22  1  5.2  .5  1.4  5.1  0  5.1  19  13  32  5.1  3.74 
 28  18  2  3.3  .91 -3.5  2.7  1  3.3  3  3  6  2.7  3.3 
 44  24  3  20.7  .9  9.1  19.8  1  20.7  4  2  6  19.8  20.7 
 29  19  4  5  .4 -6.9 -3.8  1  5  4  3  7 -3.8  5 
 49  29  5  18.9  .9  6.7  17.7  0  17.7  4  4  8  17.7  15.85 
 27  17  6  9.4  .95 -6.3  8.5  1  9.4  4  3  7  8.5  9.4 
 30  20  7  2.1  .06 -9.4 -8.4  0 -8.4  6  6  12 -8.4 -9.4 
 1  1  8 -8.7  .06 -22.8 -21.4  0 -21.4  8  4  12 -21.4 -22.8 
 3  3  9 -2  .1 -11.2 -9.5  0 -9.5  3  3  6 -9.5 -11.2 
 10  10  10 -2.5  .6 -5.5 -3.6  0 -3.6  3  1  4 -3.6 -5.5 
 5  5  11 -.9  .07 -4.8 -4.7  0 -4.7  5  5  10 -4.7 -4.8 
 25  15  12  3  .2 -1.3 -.1  0 -.1  6  4  10 -.1  .85 
 21  11  13  1.8  .6 -4.1  1.7  0  1.7  4  4  8  1.7 -1.15 
 26  16  14  8.9  .1 -1.4 -.9  0 -.9  7  9  16 -.9 -1.4 
 41  21  15  20.1  .95  6.5  19.6  1  20.1  4  5  9  19.6  20.1 
 23  13  16  5.5  .06 -3.4 -2.6  0 -2.6  4  2  6 -2.6 -3.4 
 50  30  17  12.8  .04  4.7  4.9  0  4.9  2  2  4  4.9  4.7 
 4  4  18 -1.4  .02 -9.1 -9  0 -9  6  5  11 -9 -9.1 
 7  7  19 -9.7  .06 -24.8 -24.2  1 -24.8  5  4  9 -24.2 -21.02 
 48  28  20  17.2  .09  5  5.9  0  5.9  3  4  7  5.9  5 
 8  8  21 -5.7  .96 -20.6 -6.4  1 -5.7  2  2  4 -6.4 -5.7 
 46  26  22  22.6  .4  7.2  12.4  0  12.4  4  3  7  12.4  17.47 
 6  6  23 -4.7  .91 -18.1 -6.8  1 -4.7  1  1  2 -6.8 -4.7 
 45  25  24  8.4  .07  1.2  1.6  0  1.6  3  3  6  1.6  1.2 
 2  2  25 -2.2  .09 -9.6 -8.7  0 -8.7  3  3  6 -8.7 -9.6 
 43  23  26  12  .5  2.4  9  0  9  3  2  5  9  7.2 
 22  12  27  9  .97 -6.7  9.1  0  9.1  3  2  5  9.1  9 
 47  27  28  23.4  .93  7.6  22.1  0  22.1  3  3  6  22.1  18.13 
 24  14  29  1  .93 -7.1  .6  1  1  2  4  6  .6  1 
 9  9  30 -5.6  .1 -19.4 -18.1  0 -18.1  2  2  4 -18.1 -19.4 
