 54  24  1  22.6  .3  9.2  11  1  9.2  6  7  13  11  14.94 
 20  10  2 -6.9  .06 -20.5 -20.3  1 -20.5  7  21  28 -20.3 -19.2 
 18  8  3 -1.4  .93 -4.7 -1.7  1 -1.4  11  18  29 -1.7 -1.77 
 31  11  4  .9  .2 -5 -5.3  1 -5  9  7  16 -5.3 -2.47 
 38  18  5  7.8  .99 -9.3  7.6  1  7.8  8  13  21  7.6  7.8 
 19  9  6 -8.6  .1 -26.5 -26.3  1 -26.5  11  15  26 -26.3 -25.31 
 15  5  7 -3.3  .97 -10.5 -3.2  0 -3.2  8  8  16 -3.2 -3.3 
 17  7  8 -2.2  .92 -11.5 -3.4  1 -2.2  3  10  13 -3.4 -3.13 
 40  20  9  5  .9 -3.8  4.1  1  5  12  7  19  4.1  3.74 
 57  27  10  5.3  .9  1.5  4.7  1  5.3  7  7  14  4.7  4.76 
 34  14  11  2.5  .96 -2  2.3  0  2.3  4  4  8  2.3  1.38 
 11  1  12 -5.8  .97 -16.4 -6.6  1 -5.8  2  17  19 -6.6 -5.8 
 39  19  13  6.5  .8 -4.8  6.2  0  6.2  1  4  5  6.2  3.68 
 33  13  14  7.7  .02 -3.1 -3  0 -3  2  12  14 -3 -3.1 
 55  25  15  6.4  .09  .5  1.5  0  1.5  6  5  11  1.5  .5 
 12  2  16 -7.2  .05 -16.1 -15.6  0 -15.6  4  6  10 -15.6 -16.1 
 51  21  17  19.1  .03  4.8  5.2  1  4.8  2  4  6  5.2  8.38 
 58  28  18  21.9  .5  8.1  12.6  1  8.1  2  2  4  12.6  15 
 14  4  19 -6.4  .2 -22.4 -18  0 -18  2  6  8 -18 -19.73 
 13  3  20 -1.8  .93 -6.7 -2  0 -2  3  5  8 -2 -2.78 
 52  22  21  12.3  .91  1.3  12.1  0  12.1  1  6  7  12.1  10.47 
 59  29  22  27.5  .7  9.2  21.9  0  21.9  2  2  4  21.9  9.2 
 37  17  23  2.9  .05 -6.5 -5.7  0 -5.7  1  3  4 -5.7 -6.5 
 56  26  24  15.3  .06  5.9  7.1  0  7.1  2  4  6  7.1  5.9 
 16  6  25 -9.5  .1 -24.5 -23.5  1 -24.5  3  5  8 -23.5 -18.5 
 35  15  26  9.2  .91 -.7  8.2  1 -.7  2  3  5  8.2  9.2 
 53  23  27  6.8  .9  3  6.7  1  6.8  2  4  6  6.7  6.8 
 32  12  28  9.9  .05 -8.7 -7.6  0 -7.6  1  2  3 -7.6 -8.7 
 36  16  29  2.9  .98 -9.4  2.9  1  2.9  2  5  7  2.9  2.9 
 60  30  30  4.4  .2  .7  1.1  1  .7  1  4  5  1.1  1.63 
