 39  19  1  6.5  .8 -4.8  6.2  0  6.2  13  11  24  6.2  5.47 
 51  21  2  19.1  .03  4.8  5.2  0  5.2  13  12  25  5.2  5.99 
 59  29  3  27.5  .7  9.2  21.9  0  21.9  9  4  13  21.9  22.92 
 56  26  4  15.3  .06  5.9  7.1  0  7.1  9  7  16  7.1  5.9 
 12  2  5 -7.2  .05 -16.1 -15.6  0 -15.6  10  11  21 -15.6 -16.1 
 15  5  6 -3.3  .97 -10.5 -3.2  0 -3.2  10  12  22 -3.2 -3.3 
 58  28  7  21.9  .5  8.1  12.6  0  12.6  12  10  22  12.6  15 
 18  8  8 -1.4  .93 -4.7 -1.7  1 -1.4  7  9  16 -1.7 -1.4 
 37  17  9  2.9  .05 -6.5 -5.7  0 -5.7  18  8  26 -5.7 -6.5 
 31  11  10  .9  .2 -5 -5.3  1 -5  9  13  22 -5.3 -3.64 
 33  13  11  7.7  .02 -3.1 -3  0 -3  8  8  16 -3 -3.1 
 16  6  12 -9.5  .1 -24.5 -23.5  1 -24.5  15  15  30 -23.5 -23.5 
 40  20  13  5  .9 -3.8  4.1  0  4.1  4  4  8  4.1  .6 
 13  3  14 -1.8  .93 -6.7 -2  0 -2  5  5  10 -2 -2.78 
 54  24  15  22.6  .3  9.2  11  1  9.2  6  6  12  11  13.67 
 53  23  16  6.8  .9  3  6.7  1  6.8  9  9  18  6.7  6.8 
 52  22  17  12.3  .91  1.3  12.1  0  12.1  6  6  12  12.1  10.47 
 20  10  18 -6.9  .06 -20.5 -20.3  1 -20.5  6  5  11 -20.3 -17.78 
 34  14  19  2.5  .96 -2  2.3  0  2.3  6  5  11  2.3  1.6 
 55  25  20  6.4  .09  .5  1.5  0  1.5  8  8  16  1.5  .5 
 36  16  21  2.9  .98 -9.4  2.9  0  2.9  4  4  8  2.9 -.18 
 57  27  22  5.3  .9  1.5  4.7  1  5.3  13  13  26  4.7  5.3 
 32  12  23  9.9  .05 -8.7 -7.6  0 -7.6  7  6  13 -7.6 -8.7 
 35  15  24  9.2  .91 -.7  8.2  1 -.7  6  6  12  8.2  9.2 
 14  4  25 -6.4  .2 -22.4 -18  0 -18  7  6  13 -18 -22.4 
 11  1  26 -5.8  .97 -16.4 -6.6  0 -6.6  8  7  15 -6.6 -7.31 
 17  7  27 -2.2  .92 -11.5 -3.4  1 -2.2  6  6  12 -3.4 -2.2 
 60  30  28  4.4  .2  .7  1.1  1  .7  4  4  8  1.1  2.55 
 38  18  29  7.8  .99 -9.3  7.6  1  7.8  5  5  10  7.6  7.8 
 19  9  30 -8.6  .1 -26.5 -26.3  1 -26.5  4  4  8 -26.3 -22.02 
