 48  28  1  17.2  .09  5  5.9  1  5  7  7  14  5.9  6.74 
 2  2  2 -2.2  .09 -9.6 -8.7  0 -8.7  4  4  8 -8.7 -9.6 
 43  23  3  12  .5  2.4  9  1  12  2  3  5  9  12 
 1  1  4 -8.7  .06 -22.8 -21.4  1 -22.8  10  6  16 -21.4 -18.1 
 6  6  5 -4.7  .91 -18.1 -6.8  1 -4.7  4  6  10 -6.8 -4.7 
 9  9  6 -5.6  .1 -19.4 -18.1  0 -18.1  4  4  8 -18.1 -19.4 
 3  3  7 -2  .1 -11.2 -9.5  0 -9.5  4  3  7 -9.5 -11.2 
 27  17  8  9.4  .95 -6.3  8.5  1  9.4  1  3  4  8.5  9.4 
 23  13  9  5.5  .06 -3.4 -2.6  0 -2.6  4  4  8 -2.6 -3.4 
 42  22  10  5.2  .5  1.4  5.1  0  5.1  3  4  7  5.1  3.3 
 47  27  11  23.4  .93  7.6  22.1  1  23.4  1  4  5  22.1  23.4 
 45  25  12  8.4  .07  1.2  1.6  0  1.6  4  1  5  1.6  1.2 
 24  14  13  1  .93 -7.1  .6  0  .6  3  1  4  .6 -7.1 
 21  11  14  1.8  .6 -4.1  1.7  0  1.7  3  2  5  1.7 -1.15 
 4  4  15 -1.4  .02 -9.1 -9  0 -9  3  4  7 -9 -9.1 
 44  24  16  20.7  .9  9.1  19.8  1  20.7  4  4  8  19.8  20.7 
 8  8  17 -5.7  .96 -20.6 -6.4  1 -5.7  2  4  6 -6.4 -5.7 
 28  18  18  3.3  .91 -3.5  2.7  1  3.3  5  4  9  2.7  3.3 
 26  16  19  8.9  .1 -1.4 -.9  0 -.9  4  3  7 -.9 -1.4 
 46  26  20  22.6  .4  7.2  12.4  0  12.4  3  2  5  12.4  7.2 
 30  20  21  2.1  .06 -9.4 -8.4  0 -8.4  4  1  5 -8.4 -9.4 
 29  19  22  5  .4 -6.9 -3.8  0 -3.8  3  3  6 -3.8 -2.93 
 25  15  23  3  .2 -1.3 -.1  0 -.1  4  3  7 -.1  .13 
 5  5  24 -.9  .07 -4.8 -4.7  0 -4.7  3  3  6 -4.7 -4.8 
 49  29  25  18.9  .9  6.7  17.7  1  18.9  2  4  6  17.7  18.9 
 7  7  26 -9.7  .06 -24.8 -24.2  0 -24.2  4  3  7 -24.2 -24.8 
 22  12  27  9  .97 -6.7  9.1  0  9.1  4  2  6  9.1  9 
 10  10  28 -2.5  .6 -5.5 -3.6  1 -2.5  3  9  12 -3.6 -3.5 
 41  21  29  20.1  .95  6.5  19.6  1  20.1  3  5  8  19.6  20.1 
 50  30  30  12.8  .04  4.7  4.9  0  4.9  5  3  8  4.9  4.7 
