 32  12  1  9.9  .05 -8.7 -7.6  1 -8.7  3  4  7 -7.6 -4.05 
 56  26  2  15.3  .06  5.9  7.1  0  7.1  4  2  6  7.1  5.9 
 39  19  3  6.5  .8 -4.8  6.2  1  6.5  3  3  6  6.2  6.5 
 11  1  4 -5.8  .97 -16.4 -6.6  0 -6.6  6  4  10 -6.6 -8.45 
 31  11  5  .9  .2 -5 -5.3  1 -5  4  7  11 -5.3 -3.31 
 15  5  6 -3.3  .97 -10.5 -3.2  0 -3.2  4  4  8 -3.2 -3.3 
 60  30  7  4.4  .2  .7  1.1  1  .7  3  4  7  1.1  1.63 
 59  29  8  27.5  .7  9.2  21.9  0  21.9  3  4  7  21.9  13.78 
 52  22  9  12.3  .91  1.3  12.1  1  12.3  3  3  6  12.1  12.3 
 34  14  10  2.5  .96 -2  2.3  1  2.5  4  4  8  2.3  2.5 
 12  2  11 -7.2  .05 -16.1 -15.6  0 -15.6  3  3  6 -15.6 -16.1 
 18  8  12 -1.4  .93 -4.7 -1.7  1 -1.4  4  4  8 -1.7 -3.05 
 58  28  13  21.9  .5  8.1  12.6  1  21.9  3  3  6  12.6  21.9 
 33  13  14  7.7  .02 -3.1 -3  0 -3  3  4  7 -3 -3.1 
 54  24  15  22.6  .3  9.2  11  1  9.2  3  4  7  11  19.25 
 55  25  16  6.4  .09  .5  1.5  0  1.5  3  3  6  1.5  .5 
 38  18  17  7.8  .99 -9.3  7.6  1 -9.3  3  3  6  7.6  7.8 
 36  16  18  2.9  .98 -9.4  2.9  1  2.9  4  5  9  2.9  2.9 
 13  3  19 -1.8  .93 -6.7 -2  1 -1.8  3  4  7 -2 -1.8 
 40  20  20  5  .9 -3.8  4.1  1  5  3  3  6  4.1  5 
 37  17  21  2.9  .05 -6.5 -5.7  0 -5.7  2  3  5 -5.7 -6.5 
 19  9  22 -8.6  .1 -26.5 -26.3  1 -26.5  2  3  5 -26.3 -20.53 
 14  4  23 -6.4  .2 -22.4 -18  0 -18  3  4  7 -18 -22.4 
 53  23  24  6.8  .9  3  6.7  1  6.8  2  3  5  6.7  6.8 
 16  6  25 -9.5  .1 -24.5 -23.5  0 -23.5  3  3  6 -23.5 -24.5 
 51  21  26  19.1  .03  4.8  5.2  0  5.2  2  3  5  5.2  4.8 
 17  7  27 -2.2  .92 -11.5 -3.4  0 -3.4  3  4  7 -3.4 -4.52 
 35  15  28  9.2  .91 -.7  8.2  1  9.2  3  3  6  8.2  9.2 
 20  10  29 -6.9  .06 -20.5 -20.3  0 -20.3  3  3  6 -20.3 -20.5 
 57  27  30  5.3  .9  1.5  4.7  1  5.3  2  4  6  4.7  5.3 
