 13  3  1 -1.8  .93 -6.7 -2  1 -1.8  5  5  10 -2 -1.8 
 12  2  2 -7.2  .05 -16.1 -15.6  0 -15.6  3  3  6 -15.6 -16.1 
 55  25  3  6.4  .09  .5  1.5  0  1.5  3  1  4  1.5  .5 
 20  10  4 -6.9  .06 -20.5 -20.3  0 -20.3  1  2  3 -20.3 -20.5 
 37  17  5  2.9  .05 -6.5 -5.7  0 -5.7  3  1  4 -5.7 -6.5 
 59  29  6  27.5  .7  9.2  21.9  1  27.5  7  1  8  21.9  27.5 
 58  28  7  21.9  .5  8.1  12.6  1  21.9  1  1  2  12.6  21.9 
 33  13  8  7.7  .02 -3.1 -3  0 -3  1  1  2 -3 -3.1 
 11  1  9 -5.8  .97 -16.4 -6.6  1 -5.8  1  2  3 -6.6 -5.8 
 14  4  10 -6.4  .2 -22.4 -18  0 -18  2  1  3 -18 -22.4 
 51  21  11  19.1  .03  4.8  5.2  0  5.2  1  1  2  5.2  4.8 
 16  6  12 -9.5  .1 -24.5 -23.5  1 -24.5  1  1  2 -23.5 -9.5 
 38  18  13  7.8  .99 -9.3  7.6  1  7.8  1  3  4  7.6  7.8 
 52  22  14  12.3  .91  1.3  12.1  0  12.1  5  5  10  12.1  10.1 
 19  9  15 -8.6  .1 -26.5 -26.3  0 -26.3  3  5  8 -26.3 -26.5 
 18  8  16 -1.4  .93 -4.7 -1.7  1 -1.4  3  5  8 -1.7 -1.4 
 32  12  17  9.9  .05 -8.7 -7.6  0 -7.6  3  3  6 -7.6 -8.7 
 39  19  18  6.5  .8 -4.8  6.2  1 -4.8  3  2  5  6.2  6.5 
 54  24  19  22.6  .3  9.2  11  1  9.2  2  3  5  11  18.13 
 60  30  20  4.4  .2  .7  1.1  1  .7  3  3  6  1.1  1.93 
 40  20  21  5  .9 -3.8  4.1  1  5  3  4  7  4.1  5 
 31  11  22  .9  .2 -5 -5.3  1 -5  4  4  8 -5.3 -5 
 36  16  23  2.9  .98 -9.4  2.9  0  2.9  3  3  6  2.9  2.9 
 53  23  24  6.8  .9  3  6.7  0  6.7  3  3  6  6.7  6.8 
 56  26  25  15.3  .06  5.9  7.1  0  7.1  3  4  7  7.1  5.9 
 57  27  26  5.3  .9  1.5  4.7  1  5.3  2  2  4  4.7  5.3 
 15  5  27 -3.3  .97 -10.5 -3.2  0 -3.2  8  5  13 -3.2 -4.74 
 35  15  28  9.2  .91 -.7  8.2  0  8.2  7  8  15  8.2  5.49 
 17  7  29 -2.2  .92 -11.5 -3.4  1 -2.2  8  6  14 -3.4 -3.75 
 34  14  30  2.5  .96 -2  2.3  1  2.5  6  10  16  2.3  2.5 
