 60  30  1  4.4  .2  .7  1.1  1  .7  1  1  2  1.1  .7 
 55  25  2  6.4  .09  .5  1.5  0  1.5  2  1  3  1.5  .5 
 58  28  3  21.9  .5  8.1  12.6  1  8.1  1  1  2  12.6  21.9 
 11  1  4 -5.8  .97 -16.4 -6.6  1 -5.8  1  1  2 -6.6 -5.8 
 12  2  5 -7.2  .05 -16.1 -15.6  1 -16.1  1  1  2 -15.6 -16.1 
 31  11  6  .9  .2 -5 -5.3  1 -5  1  1  2 -5.3 -5 
 19  9  7 -8.6  .1 -26.5 -26.3  1 -26.5  1  1  2 -26.3 -26.5 
 39  19  8  6.5  .8 -4.8  6.2  1  6.5  1  1  2  6.2  6.5 
 14  4  9 -6.4  .2 -22.4 -18  1 -22.4  1  1  2 -18 -6.4 
 15  5  10 -3.3  .97 -10.5 -3.2  1 -3.3  1  1  2 -3.2 -3.3 
 18  8  11 -1.4  .93 -4.7 -1.7  0 -1.7  1  2  3 -1.7 -1.4 
 16  6  12 -9.5  .1 -24.5 -23.5  0 -23.5  1  1  2 -23.5 -24.5 
 59  29  13  27.5  .7  9.2  21.9  0  21.9  1  1  2  21.9  27.5 
 53  23  14  6.8  .9  3  6.7  0  6.7  1  1  2  6.7  6.8 
 36  16  15  2.9  .98 -9.4  2.9  0  2.9  1  1  2  2.9  2.9 
 52  22  16  12.3  .91  1.3  12.1  1  12.3  1  1  2  12.1  12.3 
 33  13  17  7.7  .02 -3.1 -3  1 -3.1  1  1  2 -3 -3.1 
 13  3  18 -1.8  .93 -6.7 -2  1 -1.8  1  1  2 -2 -1.8 
 56  26  19  15.3  .06  5.9  7.1  1  5.9  1  1  2  7.1  5.9 
 57  27  20  5.3  .9  1.5  4.7  1  5.3  1  1  2  4.7  5.3 
 20  10  21 -6.9  .06 -20.5 -20.3  1 -20.5  1  1  2 -20.3 -20.5 
 37  17  22  2.9  .05 -6.5 -5.7  0 -5.7  1  1  2 -5.7 -6.5 
 54  24  23  22.6  .3  9.2  11  1  9.2  1  1  2  11  22.6 
 34  14  24  2.5  .96 -2  2.3  0  2.3  1  1  2  2.3  2.5 
 35  15  25  9.2  .91 -.7  8.2  0  8.2  1  1  2  8.2 -.7 
 51  21  26  19.1  .03  4.8  5.2  0  5.2  1  1  2  5.2  4.8 
 40  20  27  5  .9 -3.8  4.1  0  4.1  1  1  2  4.1  5 
 38  18  28  7.8  .99 -9.3  7.6  0  7.6  1  1  2  7.6  7.8 
 32  12  29  9.9  .05 -8.7 -7.6  1 -8.7  1  1  2 -7.6  9.9 
 17  7  30 -2.2  .92 -11.5 -3.4  1 -2.2  1  1  2 -3.4 -2.2 
