 27  17  1  9.4  .95 -6.3  8.5  1  9.4  11  11  22  8.5  9.4 
 44  24  2  20.7  .9  9.1  19.8  1  20.7  5  7  12  19.8  20.7 
 2  2  3 -2.2  .09 -9.6 -8.7  0 -8.7  6  5  11 -8.7 -9.6 
 24  14  4  1  .93 -7.1  .6  1  1  14  17  31  .6  .52 
 43  23  5  12  .5  2.4  9  0  9  8  10  18  9  5.28 
 9  9  6 -5.6  .1 -19.4 -18.1  0 -18.1  9  9  18 -18.1 -17.87 
 4  4  7 -1.4  .02 -9.1 -9  0 -9  9  8  17 -9 -9.1 
 48  28  8  17.2  .09  5  5.9  1  5  14  14  28  5.9  6.74 
 49  29  9  18.9  .9  6.7  17.7  1  18.9  12  12  24  17.7  18.9 
 1  1  10 -8.7  .06 -22.8 -21.4  0 -21.4  15  12  27 -21.4 -22.8 
 8  8  11 -5.7  .96 -20.6 -6.4  0 -6.4  11  9  20 -6.4 -7.36 
 25  15  12  3  .2 -1.3 -.1  0 -.1  9  7  16 -.1 -1.3 
 10  10  13 -2.5  .6 -5.5 -3.6  0 -3.6  10  13  23 -3.6 -3.65 
 26  16  14  8.9  .1 -1.4 -.9  0 -.9  14  11  25 -.9 -1.4 
 21  11  15  1.8  .6 -4.1  1.7  0  1.7  9  6  15  1.7 -1.15 
 29  19  16  5  .4 -6.9 -3.8  1 -6.9  8  17  25 -3.8 -2 
 7  7  17 -9.7  .06 -24.8 -24.2  1 -24.8  15  15  30 -24.2 -22.79 
 6  6  18 -4.7  .91 -18.1 -6.8  1 -4.7  13  12  25 -6.8 -5.82 
 42  22  19  5.2  .5  1.4  5.1  0  5.1  6  7  13  5.1  3.03 
 47  27  20  23.4  .93  7.6  22.1  1  23.4  9  13  22  22.1  23.4 
 3  3  21 -2  .1 -11.2 -9.5  0 -9.5  11  16  27 -9.5 -10.05 
 46  26  22  22.6  .4  7.2  12.4  0  12.4  9  17  26  12.4  9.92 
 5  5  23 -.9  .07 -4.8 -4.7  0 -4.7  10  12  22 -4.7 -4.8 
 28  18  24  3.3  .91 -3.5  2.7  1  3.3  9  12  21  2.7  2.73 
 50  30  25  12.8  .04  4.7  4.9  0  4.9  11  10  21  4.9  4.7 
 45  25  26  8.4  .07  1.2  1.6  1  1.2  15  20  35  1.6  2.28 
 23  13  27  5.5  .06 -3.4 -2.6  0 -2.6  12  19  31 -2.6 -2.93 
 41  21  28  20.1  .95  6.5  19.6  1  20.1  5  5  10  19.6  20.1 
 22  12  29  9  .97 -6.7  9.1  0  9.1  8  7  15  9.1  9 
 30  20  30  2.1  .06 -9.4 -8.4  0 -8.4  7  5  12 -8.4 -9.4 
