 27  17  1  9.4  .95 -6.3  8.5  1  9.4  14  19  33  8.5  6.92 
 6  6  2 -4.7  .91 -18.1 -6.8  1 -4.7  6  6  12 -6.8 -4.7 
 23  13  3  5.5  .06 -3.4 -2.6  0 -2.6  13  9  22 -2.6 -3.4 
 42  22  4  5.2  .5  1.4  5.1  0  5.1  10  4  14  5.1  2.35 
 50  30  5  12.8  .04  4.7  4.9  0  4.9  7  9  16  4.9  4.7 
 24  14  6  1  .93 -7.1  .6  1  1  4  11  15  .6  1 
 25  15  7  3  .2 -1.3 -.1  0 -.1  15  4  19 -.1 -1.3 
 41  21  8  20.1  .95  6.5  19.6  0  19.6  9  13  22  19.6  19.05 
 9  9  9 -5.6  .1 -19.4 -18.1  0 -18.1  9  12  21 -18.1 -18.25 
 28  18  10  3.3  .91 -3.5  2.7  1 -3.5  5  7  12  2.7  3.3 
 2  2  11 -2.2  .09 -9.6 -8.7  0 -8.7  4  3  7 -8.7 -9.6 
 8  8  12 -5.7  .96 -20.6 -6.4  1 -5.7  13  11  24 -6.4 -5.7 
 1  1  13 -8.7  .06 -22.8 -21.4  1 -22.8  15  11  26 -21.4 -20.24 
 43  23  14  12  .5  2.4  9  0  9  12  11  23  9  4.15 
 21  11  15  1.8  .6 -4.1  1.7  0  1.7  3  6  9  1.7 -.17 
 7  7  16 -9.7  .06 -24.8 -24.2  0 -24.2  14  15  29 -24.2 -24.8 
 44  24  17  20.7  .9  9.1  19.8  0  19.8  13  20  33  19.8  18.96 
 46  26  18  22.6  .4  7.2  12.4  1  7.2  12  21  33  12.4  13.8 
 10  10  19 -2.5  .6 -5.5 -3.6  1 -5.5  8  6  14 -3.6 -4 
 49  29  20  18.9  .9  6.7  17.7  0  17.7  6  5  11  17.7  14.02 
 5  5  21 -.9  .07 -4.8 -4.7  0 -4.7  5  11  16 -4.7 -4.8 
 3  3  22 -2  .1 -11.2 -9.5  0 -9.5  6  5  11 -9.5 -11.2 
 47  27  23  23.4  .93  7.6  22.1  1  23.4  5  10  15  22.1  21.82 
 45  25  24  8.4  .07  1.2  1.6  0  1.6  4  8  12  1.6  1.2 
 29  19  25  5  .4 -6.9 -3.8  0 -3.8  8  14  22 -3.8 -3.5 
 26  16  26  8.9  .1 -1.4 -.9  1 -1.4  3  3  6 -.9  2.03 
 48  28  27  17.2  .09  5  5.9  1  5  5  8  13  5.9  8.05 
 30  20  28  2.1  .06 -9.4 -8.4  0 -8.4  7  4  11 -8.4 -9.4 
 4  4  29 -1.4  .02 -9.1 -9  0 -9  3  3  6 -9 -9.1 
 22  12  30  9  .97 -6.7  9.1  0  9.1  3  8  11  9.1  7.04 
