 26  16  1  8.9  .1 -1.4 -.9  0 -.9  11  9  20 -.9 -1.4 
 1  1  2 -8.7  .06 -22.8 -21.4  0 -21.4  6  6  12 -21.4 -22.8 
 41  21  3  20.1  .95  6.5  19.6  1  20.1  5  4  9  19.6  20.1 
 4  4  4 -1.4  .02 -9.1 -9  0 -9  7  6  13 -9 -9.1 
 42  22  5  5.2  .5  1.4  5.1  0  5.1  6  7  13  5.1  3.03 
 24  14  6  1  .93 -7.1  .6  0  .6  10  11  21  .6  .26 
 46  26  7  22.6  .4  7.2  12.4  0  12.4  10  12  22  12.4  11.05 
 9  9  8 -5.6  .1 -19.4 -18.1  1 -19.4  9  13  22 -18.1 -16.22 
 45  25  9  8.4  .07  1.2  1.6  0  1.6  18  8  26  1.6  1.2 
 8  8  10 -5.7  .96 -20.6 -6.4  1 -5.7  10  10  20 -6.4 -5.7 
 47  27  11  23.4  .93  7.6  22.1  1  7.6  8  10  18  22.1  23.4 
 7  7  12 -9.7  .06 -24.8 -24.2  1 -24.8  10  15  25 -24.2 -22.79 
 22  12  13  9  .97 -6.7  9.1  0  9.1  13  16  29  9.1  9 
 25  15  14  3  .2 -1.3 -.1  1 -1.3  14  12  26 -.1  .49 
 28  18  15  3.3  .91 -3.5  2.7  1  3.3  12  9  21  2.7  3.3 
 21  11  16  1.8  .6 -4.1  1.7  0  1.7  4  3  7  1.7 -2.13 
 49  29  17  18.9  .9  6.7  17.7  0  17.7  12  20  32  17.7  17.07 
 43  23  18  12  .5  2.4  9  0  9  8  13  21  9  7.57 
 6  6  19 -4.7  .91 -18.1 -6.8  1 -4.7  13  14  27 -6.8 -5.66 
 5  5  20 -.9  .07 -4.8 -4.7  1 -4.8  6  6  12 -4.7 -4.15 
 3  3  21 -2  .1 -11.2 -9.5  0 -9.5  5  6  11 -9.5 -9.67 
 50  30  22  12.8  .04  4.7  4.9  0  4.9  8  5  13  4.9  4.7 
 30  20  23  2.1  .06 -9.4 -8.4  0 -8.4  4  7  11 -8.4 -7.76 
 44  24  24  20.7  .9  9.1  19.8  1  20.7  6  9  15  19.8  20.7 
 27  17  25  9.4  .95 -6.3  8.5  1  9.4  6  11  17  8.5  9.4 
 10  10  26 -2.5  .6 -5.5 -3.6  1 -5.5  4  5  9 -3.6 -3.1 
 29  19  27  5  .4 -6.9 -3.8  1 -6.9  5  5  10 -3.8  2.62 
 23  13  28  5.5  .06 -3.4 -2.6  1 -3.4  4  6  10 -2.6  1.05 
 48  28  29  17.2  .09  5  5.9  1  5  3  5  8  5.9  7.44 
 2  2  30 -2.2  .09 -9.6 -8.7  0 -8.7  7  8  15 -8.7 -7.75 
