 26  16  1  8.9  .1 -1.4 -.9  0 -.9  11  15  26 -.9 -1.4 
 21  11  2  1.8  .6 -4.1  1.7  0  1.7  8  8  16  1.7 -1.89 
 23  13  3  5.5  .06 -3.4 -2.6  0 -2.6  16  42  58 -2.6 -2.55 
 22  12  4  9  .97 -6.7  9.1  0  9.1  8  8  16  9.1  9 
 1  1  5 -8.7  .06 -22.8 -21.4  1 -22.8  7  11  18 -21.4 -21.52 
 25  15  6  3  .2 -1.3 -.1  1 -1.3  4  7  11 -.1  1.16 
 6  6  7 -4.7  .91 -18.1 -6.8  0 -6.8  9  7  16 -6.8 -8.53 
 30  20  8  2.1  .06 -9.4 -8.4  1 -9.4  3  7  10 -8.4 -7.76 
 48  28  9  17.2  .09  5  5.9  1  5  6  9  15  5.9  6.36 
 10  10  10 -2.5  .6 -5.5 -3.6  1 -5.5  4  11  15 -3.6 -3.59 
 5  5  11 -.9  .07 -4.8 -4.7  0 -4.7  8  13  21 -4.7 -4.8 
 49  29  12  18.9  .9  6.7  17.7  0  17.7  6  9  15  17.7  17.54 
 8  8  13 -5.7  .96 -20.6 -6.4  0 -6.4  4  4  8 -6.4 -9.43 
 2  2  14 -2.2  .09 -9.6 -8.7  1 -9.6  2  11  13 -8.7 -8.93 
 46  26  15  22.6  .4  7.2  12.4  0  12.4  4  10  14  12.4  10.28 
 41  21  16  20.1  .95  6.5  19.6  0  19.6  2  18  20  19.6  19.34 
 42  22  17  5.2  .5  1.4  5.1  0  5.1  4  6  10  5.1  1.4 
 47  27  18  23.4  .93  7.6  22.1  1  23.4  4  11  15  22.1  23.4 
 45  25  19  8.4  .07  1.2  1.6  0  1.6  3  5  8  1.6  1.2 
 43  23  20  12  .5  2.4  9  0  9  3  9  12  9  7.73 
 27  17  21  9.4  .95 -6.3  8.5  1  9.4  2  5  7  8.5  9.4 
 44  24  22  20.7  .9  9.1  19.8  0  19.8  2  8  10  19.8  17.8 
 29  19  23  5  .4 -6.9 -3.8  1 -6.9  2  3  5 -3.8 -2.93 
 7  7  24 -9.7  .06 -24.8 -24.2  1 -24.8  2  12  14 -24.2 -23.54 
 24  14  25  1  .93 -7.1  .6  1  1  3  5  8  .6  1 
 3  3  26 -2  .1 -11.2 -9.5  1 -11.2  2  6  8 -9.5 -9.67 
 4  4  27 -1.4  .02 -9.1 -9  0 -9  3  14  17 -9 -9.1 
 9  9  28 -5.6  .1 -19.4 -18.1  1 -19.4  1  4  5 -18.1 -15.95 
 28  18  29  3.3  .91 -3.5  2.7  0  2.7  2  8  10  2.7  1.6 
 50  30  30  12.8  .04  4.7  4.9  0  4.9  6  7  13  4.9  4.7 
