 21  11  1  1.8  .6 -4.1  1.7  1  1.8  1  5  6  1.7  1.8 
 27  17  2  9.4  .95 -6.3  8.5  1  9.4  5  1  6  8.5  9.4 
 4  4  3 -1.4  .02 -9.1 -9  1 -9.1  1  1  2 -9 -9.1 
 25  15  4  3  .2 -1.3 -.1  0 -.1  3  1  4 -.1 -1.3 
 30  20  5  2.1  .06 -9.4 -8.4  0 -8.4  1  4  5 -8.4 -9.4 
 42  22  6  5.2  .5  1.4  5.1  0  5.1  1  7  8  5.1  3.03 
 46  26  7  22.6  .4  7.2  12.4  1  7.2  5  1  6  12.4  22.6 
 7  7  8 -9.7  .06 -24.8 -24.2  1 -24.8  1  4  5 -24.2 -24.8 
 29  19  9  5  .4 -6.9 -3.8  1  5  1  6  7 -3.8 -.95 
 23  13  10  5.5  .06 -3.4 -2.6  1 -3.4  4  1  5 -2.6 -3.4 
 47  27  11  23.4  .93  7.6  22.1  1  23.4  1  6  7  22.1  20.77 
 5  5  12 -.9  .07 -4.8 -4.7  1 -4.8  1  6  7 -4.7 -3.5 
 43  23  13  12  .5  2.4  9  0  9  2  4  6  9  7.2 
 8  8  14 -5.7  .96 -20.6 -6.4  1 -5.7  1  4  5 -6.4 -5.7 
 10  10  15 -2.5  .6 -5.5 -3.6  1 -5.5  1  5  6 -3.6 -3.1 
 3  3  16 -2  .1 -11.2 -9.5  1 -11.2  4  1  5 -9.5 -11.2 
 28  18  17  3.3  .91 -3.5  2.7  1  3.3  1  5  6  2.7  3.3 
 41  21  18  20.1  .95  6.5  19.6  0  19.6  1  4  5  19.6  20.1 
 24  14  19  1  .93 -7.1  .6  0  .6  1  8  9  .6 -.01 
 9  9  20 -5.6  .1 -19.4 -18.1  0 -18.1  1  8  9 -18.1 -17.68 
 50  30  21  12.8  .04  4.7  4.9  0  4.9  4  6  10  4.9  4.7 
 48  28  22  17.2  .09  5  5.9  0  5.9  1  5  6  5.9  5 
 26  16  23  8.9  .1 -1.4 -.9  0 -.9  4  5  9 -.9 -1.4 
 44  24  24  20.7  .9  9.1  19.8  1  9.1  2  5  7  19.8  20.7 
 49  29  25  18.9  .9  6.7  17.7  1  18.9  2  4  6  17.7  18.9 
 2  2  26 -2.2  .09 -9.6 -8.7  0 -8.7  3  4  7 -8.7 -9.6 
 22  12  27  9  .97 -6.7  9.1  1  9  3  3  6  9.1  9 
 1  1  28 -8.7  .06 -22.8 -21.4  0 -21.4  3  4  7 -21.4 -22.8 
 6  6  29 -4.7  .91 -18.1 -6.8  1 -4.7  2  3  5 -6.8 -4.7 
 45  25  30  8.4  .07  1.2  1.6  0  1.6  2  4  6  1.6  1.2 
