 56  26  1  15.3  .06  5.9  7.1  0  7.1  36  13  49  7.1  5.9 
 59  29  2  27.5  .7  9.2  21.9  0  21.9  13  11  24  21.9  25.84 
 11  1  3 -5.8  .97 -16.4 -6.6  1 -5.8  8  7  15 -6.6 -5.8 
 58  28  4  21.9  .5  8.1  12.6  0  12.6  7  26  33  12.6  13.41 
 32  12  5  9.9  .05 -8.7 -7.6  0 -7.6  8  6  14 -7.6 -8.7 
 40  20  6  5  .9 -3.8  4.1  0  4.1  6  15  21  4.1  3.24 
 19  9  7 -8.6  .1 -26.5 -26.3  1 -26.5  13  17  30 -26.3 -25.45 
 12  2  8 -7.2  .05 -16.1 -15.6  1 -16.1  9  8  17 -15.6 -14.99 
 51  21  9  19.1  .03  4.8  5.2  0  5.2  10  12  22  5.2  4.8 
 52  22  10  12.3  .91  1.3  12.1  1  12.3  9  12  21  12.1  12.3 
 17  7  11 -2.2  .92 -11.5 -3.4  1 -2.2  9  14  23 -3.4 -2.2 
 20  10  12 -6.9  .06 -20.5 -20.3  1 -20.5  8  5  13 -20.3 -17.78 
 14  4  13 -6.4  .2 -22.4 -18  0 -18  6  28  34 -18 -19.54 
 39  19  14  6.5  .8 -4.8  6.2  0  6.2  3  7  10  6.2  3.27 
 54  24  15  22.6  .3  9.2  11  1  9.2  6  8  14  11  12.55 
 35  15  16  9.2  .91 -.7  8.2  1 -.7  4  7  11  8.2  7.79 
 37  17  17  2.9  .05 -6.5 -5.7  0 -5.7  7  17  24 -5.7 -6.5 
 34  14  18  2.5  .96 -2  2.3  1 -2  9  14  23  2.3  2.5 
 31  11  19  .9  .2 -5 -5.3  1 -5  13  10  23 -5.3 -3.82 
 60  30  20  4.4  .2  .7  1.1  1  .7  11  9  20  1.1  1.11 
 38  18  21  7.8  .99 -9.3  7.6  1  7.8  6  12  18  7.6  7.8 
 36  16  22  2.9  .98 -9.4  2.9  0  2.9  3  5  8  2.9  .44 
 55  25  23  6.4  .09  .5  1.5  1  .5  7  6  13  1.5  1.48 
 16  6  24 -9.5  .1 -24.5 -23.5  1 -24.5  4  6  10 -23.5 -22 
 53  23  25  6.8  .9  3  6.7  0  6.7  4  5  9  6.7  6.04 
 33  13  26  7.7  .02 -3.1 -3  0 -3  17  18  35 -3 -3.1 
 15  5  27 -3.3  .97 -10.5 -3.2  0 -3.2  13  18  31 -3.2 -3.3 
 57  27  28  5.3  .9  1.5  4.7  0  4.7  13  23  36  4.7  4.97 
 13  3  29 -1.8  .93 -6.7 -2  0 -2  3  4  7 -2 -4.25 
 18  8  30 -1.4  .93 -4.7 -1.7  0 -1.7  2  5  7 -1.7 -2.06 
