 31  11  1  .9  .2 -5 -5.3  1  .9  4  8  12 -5.3 -3.52 
 33  13  2  7.7  .02 -3.1 -3  0 -3  7  6  13 -3 -3.1 
 60  30  3  4.4  .2  .7  1.1  1  .7  3  4  7  1.1  1.63 
 56  26  4  15.3  .06  5.9  7.1  1  5.9  2  4  6  7.1  8.25 
 20  10  5 -6.9  .06 -20.5 -20.3  1 -20.5  13  8  21 -20.3 -17.1 
 38  18  6  7.8  .99 -9.3  7.6  1  7.8  10  5  15  7.6  7.8 
 39  19  7  6.5  .8 -4.8  6.2  0  6.2  10  8  18  6.2  3.68 
 58  28  8  21.9  .5  8.1  12.6  1  8.1  4  5  9  12.6  16.38 
 57  27  9  5.3  .9  1.5  4.7  0  4.7  6  7  13  4.7  4.76 
 19  9  10 -8.6  .1 -26.5 -26.3  1 -26.5  8  8  16 -26.3 -24.26 
 35  15  11  9.2  .91 -.7  8.2  1  9.2  9  6  15  8.2  9.2 
 13  3  12 -1.8  .93 -6.7 -2  0 -2  6  15  21 -2 -2.45 
 32  12  13  9.9  .05 -8.7 -7.6  1 -8.7  13  20  33 -7.6 -5.91 
 52  22  14  12.3  .91  1.3  12.1  1  12.3  5  5  10  12.1  12.3 
 16  6  15 -9.5  .1 -24.5 -23.5  1 -24.5  16  21  37 -23.5 -23.79 
 54  24  16  22.6  .3  9.2  11  1  22.6  5  6  11  11  11.43 
 51  21  17  19.1  .03  4.8  5.2  1  4.8  5  4  9  5.2  4.8 
 34  14  18  2.5  .96 -2  2.3  1  2.5  4  20  24  2.3  2.5 
 18  8  19 -1.4  .93 -4.7 -1.7  1 -1.4  8  5  13 -1.7 -1.4 
 40  20  20  5  .9 -3.8  4.1  0  4.1  5  7  12  4.1  3.74 
 15  5  21 -3.3  .97 -10.5 -3.2  0 -3.2  4  5  9 -3.2 -3.3 
 37  17  22  2.9  .05 -6.5 -5.7  1 -6.5  4  5  9 -5.7 -4.62 
 59  29  23  27.5  .7  9.2  21.9  0  21.9  3  6  9  21.9  21.4 
 14  4  24 -6.4  .2 -22.4 -18  0 -18  3  6  9 -18 -22.4 
 11  1  25 -5.8  .97 -16.4 -6.6  1 -5.8  3  3  6 -6.6 -5.8 
 12  2  26 -7.2  .05 -16.1 -15.6  1 -16.1  3  7  10 -15.6 -14.83 
 55  25  27  6.4  .09  .5  1.5  1  .5  4  4  8  1.5  .5 
 17  7  28 -2.2  .92 -11.5 -3.4  0 -3.4  3  6  9 -3.4 -2.2 
 53  23  29  6.8  .9  3  6.7  0  6.7  3  7  10  6.7  6.8 
 36  16  30  2.9  .98 -9.4  2.9  0  2.9  3  4  7  2.9  2.9 
