 15  5  1 -3.3  .97 -10.5 -3.2  0 -3.2  19  15  34 -3.2 -3.3 
 17  7  2 -2.2  .92 -11.5 -3.4  0 -3.4  2  2  4 -3.4 -2.2 
 11  1  3 -5.8  .97 -16.4 -6.6  0 -6.6  4  4  8 -6.6 -5.8 
 57  27  4  5.3  .9  1.5  4.7  1  5.3  3  4  7  4.7  5.3 
 40  20  5  5  .9 -3.8  4.1  1  5  2  2  4  4.1  5 
 59  29  6  27.5  .7  9.2  21.9  0  21.9  2  1  3  21.9  9.2 
 53  23  7  6.8  .9  3  6.7  1  6.8  1  1  2  6.7  6.8 
 34  14  8  2.5  .96 -2  2.3  1  2.5  1  1  2  2.3  2.5 
 18  8  9 -1.4  .93 -4.7 -1.7  1 -1.4  1  1  2 -1.7 -1.4 
 33  13  10  7.7  .02 -3.1 -3  0 -3  1  1  2 -3 -3.1 
 56  26  11  15.3  .06  5.9  7.1  0  7.1  1  1  2  7.1  5.9 
 37  17  12  2.9  .05 -6.5 -5.7  1 -6.5  1  1  2 -5.7  2.9 
 55  25  13  6.4  .09  .5  1.5  0  1.5  1  1  2  1.5  .5 
 38  18  14  7.8  .99 -9.3  7.6  1  7.8  1  1  2  7.6  7.8 
 12  2  15 -7.2  .05 -16.1 -15.6  0 -15.6  1  1  2 -15.6 -16.1 
 51  21  16  19.1  .03  4.8  5.2  0  5.2  1  1  2  5.2  4.8 
 19  9  17 -8.6  .1 -26.5 -26.3  0 -26.3  1  1  2 -26.3 -26.5 
 39  19  18  6.5  .8 -4.8  6.2  1  6.5  1  1  2  6.2  6.5 
 13  3  19 -1.8  .93 -6.7 -2  1 -1.8  1  1  2 -2 -1.8 
 60  30  20  4.4  .2  .7  1.1  0  1.1  1  1  2  1.1  .7 
 32  12  21  9.9  .05 -8.7 -7.6  0 -7.6  1  1  2 -7.6 -8.7 
 54  24  22  22.6  .3  9.2  11  1  9.2  1  1  2  11  22.6 
 16  6  23 -9.5  .1 -24.5 -23.5  0 -23.5  1  1  2 -23.5 -24.5 
 20  10  24 -6.9  .06 -20.5 -20.3  0 -20.3  1  1  2 -20.3 -20.5 
 58  28  25  21.9  .5  8.1  12.6  1  21.9  1  1  2  12.6  21.9 
 31  11  26  .9  .2 -5 -5.3  1 -5  2  2  4 -5.3 -5 
 14  4  27 -6.4  .2 -22.4 -18  0 -18  1  1  2 -18 -22.4 
 36  16  28  2.9  .98 -9.4  2.9  1  2.9  1  1  2  2.9  2.9 
 35  15  29  9.2  .91 -.7  8.2  1  9.2  1  1  2  8.2  9.2 
 52  22  30  12.3  .91  1.3  12.1  0  12.1  1  1  2  12.1  12.3 
