 60  30  1  4.4  .2  .7  1.1  0  1.1  15  45  60  1.1  1.03 
 20  10  2 -6.9  .06 -20.5 -20.3  1 -20.5  11  22  33 -20.3 -19.26 
 40  20  3  5  .9 -3.8  4.1  0  4.1  14  20  34  4.1  4.12 
 57  27  4  5.3  .9  1.5  4.7  1  5.3  10  16  26  4.7  4.82 
 51  21  5  19.1  .03  4.8  5.2  1  4.8  5  25  30  5.2  5.37 
 17  7  6 -2.2  .92 -11.5 -3.4  1 -2.2  10  13  23 -3.4 -2.2 
 33  13  7  7.7  .02 -3.1 -3  1 -3.1  10  17  27 -3 -2.46 
 59  29  8  27.5  .7  9.2  21.9  0  21.9  5  6  11  21.9  15.3 
 16  6  9 -9.5  .1 -24.5 -23.5  0 -23.5  20  33  53 -23.5 -24.5 
 19  9  10 -8.6  .1 -26.5 -26.3  1 -26.5  3  3  6 -26.3 -20.53 
 34  14  11  2.5  .96 -2  2.3  0  2.3  4  14  18  2.3  2.18 
 15  5  12 -3.3  .97 -10.5 -3.2  0 -3.2  5  12  17 -3.2 -3.9 
 52  22  13  12.3  .91  1.3  12.1  0  12.1  7  10  17  12.1  11.2 
 35  15  14  9.2  .91 -.7  8.2  0  8.2  10  10  20  8.2  8.21 
 38  18  15  7.8  .99 -9.3  7.6  0  7.6  5  23  28  7.6  7.06 
 32  12  16  9.9  .05 -8.7 -7.6  1 -8.7  3  2  5 -7.6 -8.7 
 55  25  17  6.4  .09  .5  1.5  1  .5  3  4  7  1.5  1.98 
 36  16  18  2.9  .98 -9.4  2.9  1  2.9  17  17  34  2.9  2.9 
 39  19  19  6.5  .8 -4.8  6.2  0  6.2  2  3  5  6.2  2.73 
 13  3  20 -1.8  .93 -6.7 -2  0 -2  2  2  4 -2 -4.25 
 37  17  21  2.9  .05 -6.5 -5.7  1 -6.5  4  26  30 -5.7 -6.14 
 56  26  22  15.3  .06  5.9  7.1  1  5.9  6  25  31  7.1  6.28 
 12  2  23 -7.2  .05 -16.1 -15.6  1 -16.1  3  25  28 -15.6 -15.74 
 54  24  24  22.6  .3  9.2  11  1  9.2  1  12  13  11  10.32 
 14  4  25 -6.4  .2 -22.4 -18  1 -22.4  1  5  6 -18 -19.2 
 18  8  26 -1.4  .93 -4.7 -1.7  0 -1.7  2  15  17 -1.7 -1.62 
 11  1  27 -5.8  .97 -16.4 -6.6  0 -6.6  2  11  13 -6.6 -6.76 
 58  28  28  21.9  .5  8.1  12.6  1  8.1  2  6  8  12.6  19.6 
 53  23  29  6.8  .9  3  6.7  0  6.7  1  8  9  6.7  6.32 
 31  11  30  .9  .2 -5 -5.3  1 -5  2  7  9 -5.3 -4.16 
