 14  4  1 -6.4  .2 -22.4 -18  0 -18  3  4  7 -18 -18.4 
 58  28  2  21.9  .5  8.1  12.6  0  12.6  4  7  11  12.6  15.99 
 20  10  3 -6.9  .06 -20.5 -20.3  1 -20.5  3  4  7 -20.3 -17.1 
 59  29  4  27.5  .7  9.2  21.9  0  21.9  4  2  6  21.9  18.35 
 39  19  5  6.5  .8 -4.8  6.2  0  6.2  4  4  8  6.2  3.68 
 56  26  6  15.3  .06  5.9  7.1  0  7.1  7  5  12  7.1  5.9 
 34  14  7  2.5  .96 -2  2.3  1  2.5  3  6  9  2.3  2.5 
 31  11  8  .9  .2 -5 -5.3  1  .9  5  4  9 -5.3 -3.52 
 35  15  9  9.2  .91 -.7  8.2  1  9.2  6  3  9  8.2  9.2 
 38  18  10  7.8  .99 -9.3  7.6  1  7.8  2  3  5  7.6  7.8 
 57  27  11  5.3  .9  1.5  4.7  1  5.3  3  4  7  4.7  5.3 
 54  24  12  22.6  .3  9.2  11  1  9.2  4  6  10  11  13.67 
 18  8  13 -1.4  .93 -4.7 -1.7  0 -1.7  3  3  6 -1.7 -2.5 
 51  21  14  19.1  .03  4.8  5.2  0  5.2  4  7  11  5.2  4.8 
 33  13  15  7.7  .02 -3.1 -3  0 -3  4  5  9 -3 -3.1 
 32  12  16  9.9  .05 -8.7 -7.6  0 -7.6  9  3  12 -7.6 -8.7 
 60  30  17  4.4  .2  .7  1.1  1  .7  3  3  6  1.1  1.93 
 12  2  18 -7.2  .05 -16.1 -15.6  0 -15.6  2  8  10 -15.6 -16.1 
 36  16  19  2.9  .98 -9.4  2.9  0  2.9  2  5  7  2.9  2.9 
 13  3  20 -1.8  .93 -6.7 -2  1 -1.8  4  7  11 -2 -1.8 
 40  20  21  5  .9 -3.8  4.1  1  5  3  7  10  4.1  5 
 19  9  22 -8.6  .1 -26.5 -26.3  0 -26.3  5  5  10 -26.3 -26.5 
 53  23  23  6.8  .9  3  6.7  0  6.7  4  4  8  6.7  5.85 
 17  7  24 -2.2  .92 -11.5 -3.4  0 -3.4  5  3  8 -3.4 -5.3 
 16  6  25 -9.5  .1 -24.5 -23.5  1 -24.5  5  3  8 -23.5 -19.5 
 15  5  26 -3.3  .97 -10.5 -3.2  0 -3.2  5  7  12 -3.2 -4.33 
 52  22  27  12.3  .91  1.3  12.1  0  12.1  3  6  9  12.1  10.47 
 55  25  28  6.4  .09  .5  1.5  1  .5  1  7  8  1.5  2.19 
 11  1  29 -5.8  .97 -16.4 -6.6  1 -5.8  4  10  14 -6.6 -5.8 
 37  17  30  2.9  .05 -6.5 -5.7  1 -6.5  9  15  24 -5.7 -5.87 
