 35  15  1  9.2  .91 -.7  8.2  0  8.2  19  31  50  8.2  8.24 
 57  27  2  5.3  .9  1.5  4.7  0  4.7  17  40  57  4.7  5.02 
 59  29  3  27.5  .7  9.2  21.9  0  21.9  23  17  40  21.9  22.12 
 19  9  4 -8.6  .1 -26.5 -26.3  1 -26.5  16  58  74 -26.3 -25.57 
 36  16  5  2.9  .98 -9.4  2.9  1  2.9  18  28  46  2.9  2.9 
 55  25  6  6.4  .09  .5  1.5  0  1.5  21  19  40  1.5  .5 
 54  24  7  22.6  .3  9.2  11  1  22.6  12  13  25  11  13.32 
 39  19  8  6.5  .8 -4.8  6.2  0  6.2  12  9  21  6.2  3.99 
 16  6  9 -9.5  .1 -24.5 -23.5  1 -24.5  11  17  28 -23.5 -22.74 
 14  4  10 -6.4  .2 -22.4 -18  1 -22.4  10  29  39 -18 -16.88 
 13  3  11 -1.8  .93 -6.7 -2  0 -2  22  20  42 -2 -2.29 
 15  5  12 -3.3  .97 -10.5 -3.2  0 -3.2  33  22  55 -3.2 -3.63 
 38  18  13  7.8  .99 -9.3  7.6  1  7.8  20  36  56  7.6  7.8 
 12  2  14 -7.2  .05 -16.1 -15.6  1 -16.1  13  36  49 -15.6 -15.61 
 34  14  15  2.5  .96 -2  2.3  0  2.3  16  11  27  2.3  2.09 
 56  26  16  15.3  .06  5.9  7.1  1  5.9  15  30  45  7.1  6.84 
 33  13  17  7.7  .02 -3.1 -3  0 -3  22  32  54 -3 -3.1 
 11  1  18 -5.8  .97 -16.4 -6.6  1 -5.8  21  29  50 -6.6 -5.8 
 37  17  19  2.9  .05 -6.5 -5.7  0 -5.7  9  45  54 -5.7 -6.29 
 17  7  20 -2.2  .92 -11.5 -3.4  0 -3.4  12  9  21 -3.4 -3.23 
 32  12  21  9.9  .05 -8.7 -7.6  0 -7.6  23  23  46 -7.6 -8.7 
 52  22  22  12.3  .91  1.3  12.1  0  12.1  10  17  27  12.1  11.65 
 18  8  23 -1.4  .93 -4.7 -1.7  0 -1.7  31  20  51 -1.7 -1.56 
 40  20  24  5  .9 -3.8  4.1  1  5  8  13  21  4.1  4.32 
 31  11  25  .9  .2 -5 -5.3  1 -5  30  15  45 -5.3 -4.21 
 60  30  26  4.4  .2  .7  1.1  1  .7  9  7  16  1.1  1.76 
 51  21  27  19.1  .03  4.8  5.2  0  5.2  18  18  36  5.2  4.8 
 53  23  28  6.8  .9  3  6.7  0  6.7  10  9  19  6.7  6.38 
 58  28  29  21.9  .5  8.1  12.6  1  8.1  5  13  18  12.6  15.53 
 20  10  30 -6.9  .06 -20.5 -20.3  1 -20.5  5  5  10 -20.3 -17.78 
