 58  28  1  21.9  .5  8.1  12.6  1  21.9  19  14  33  12.6  14.01 
 36  16  2  2.9  .98 -9.4  2.9  0  2.9  15  17  32  2.9  2.18 
 16  6  3 -9.5  .1 -24.5 -23.5  1 -24.5  22  23  45 -23.5 -21.24 
 14  4  4 -6.4  .2 -22.4 -18  0 -18  11  8  19 -18 -20.4 
 17  7  5 -2.2  .92 -11.5 -3.4  1 -2.2  8  9  17 -3.4 -2.2 
 20  10  6 -6.9  .06 -20.5 -20.3  1 -20.5  8  8  16 -20.3 -18.8 
 59  29  7  27.5  .7  9.2  21.9  0  21.9  7  3  10  21.9  21.4 
 31  11  8  .9  .2 -5 -5.3  1 -5  5  5  10 -5.3 -3.82 
 37  17  9  2.9  .05 -6.5 -5.7  1 -6.5  12  9  21 -5.7 -5.46 
 40  20  10  5  .9 -3.8  4.1  0  4.1  5  3  8  4.1  2.07 
 13  3  11 -1.8  .93 -6.7 -2  1 -1.8  7  6  13 -2 -1.8 
 11  1  12 -5.8  .97 -16.4 -6.6  1 -5.8  4  5  9 -6.6 -5.8 
 34  14  13  2.5  .96 -2  2.3  1  2.5  5  8  13  2.3  2.5 
 33  13  14  7.7  .02 -3.1 -3  1 -3.1  4  3  7 -3  .5 
 53  23  15  6.8  .9  3  6.7  0  6.7  7  7  14  6.7  6.26 
 12  2  16 -7.2  .05 -16.1 -15.6  0 -15.6  7  8  15 -15.6 -16.1 
 15  5  17 -3.3  .97 -10.5 -3.2  0 -3.2  3  3  6 -3.2 -3.3 
 51  21  18  19.1  .03  4.8  5.2  0  5.2  4  3  7  5.2  4.8 
 39  19  19  6.5  .8 -4.8  6.2  0  6.2  7  7  14  6.2  4.89 
 52  22  20  12.3  .91  1.3  12.1  0  12.1  9  10  19  12.1  11.2 
 38  18  21  7.8  .99 -9.3  7.6  1  7.8  7  13  20  7.6  7.8 
 60  30  22  4.4  .2  .7  1.1  1  .7  5  11  16  1.1  1.71 
 56  26  23  15.3  .06  5.9  7.1  0  7.1  6  7  13  7.1  5.9 
 32  12  24  9.9  .05 -8.7 -7.6  0 -7.6  3  9  12 -7.6 -8.7 
 57  27  25  5.3  .9  1.5  4.7  1  5.3  5  5  10  4.7  5.3 
 18  8  26 -1.4  .93 -4.7 -1.7  1 -1.4  8  8  16 -1.7 -1.4 
 35  15  27  9.2  .91 -.7  8.2  1  9.2  5  6  11  8.2  9.2 
 55  25  28  6.4  .09  .5  1.5  0  1.5  7  3  10  1.5  .5 
 19  9  29 -8.6  .1 -26.5 -26.3  1 -26.5  7  5  12 -26.3 -22.92 
 54  24  30  22.6  .3  9.2  11  1  22.6  7  7  14  11  13.03 
