 25  15  1  3  .2 -1.3 -.1  0 -.1  7  2  9 -.1 -1.3 
 1  1  2 -8.7  .06 -22.8 -21.4  0 -21.4  7  1  8 -21.4 -22.8 
 30  20  3  2.1  .06 -9.4 -8.4  0 -8.4  5  1  6 -8.4 -9.4 
 26  16  4  8.9  .1 -1.4 -.9  0 -.9  24  2  26 -.9 -1.4 
 10  10  5 -2.5  .6 -5.5 -3.6  0 -3.6  22  13  35 -3.6 -4.35 
 23  13  6  5.5  .06 -3.4 -2.6  0 -2.6  35  2  37 -2.6 -3.4 
 42  22  7  5.2  .5  1.4  5.1  0  5.1  7  1  8  5.1  1.4 
 24  14  8  1  .93 -7.1  .6  1  1  5  10  15  .6  1 
 43  23  9  12  .5  2.4  9  1  12  10  10  20  9  9.12 
 41  21  10  20.1  .95  6.5  19.6  1  20.1  1  12  13  19.6  20.1 
 29  19  11  5  .4 -6.9 -3.8  0 -3.8  16  1  17 -3.8 -6.9 
 3  3  12 -2  .1 -11.2 -9.5  0 -9.5  10  2  12 -9.5 -11.2 
 2  2  13 -2.2  .09 -9.6 -8.7  0 -8.7  10  1  11 -8.7 -9.6 
 22  12  14  9  .97 -6.7  9.1  0  9.1  32  3  35  9.1  3.77 
 9  9  15 -5.6  .1 -19.4 -18.1  0 -18.1  7  1  8 -18.1 -19.4 
 45  25  16  8.4  .07  1.2  1.6  0  1.6  6  1  7  1.6  1.2 
 49  29  17  18.9  .9  6.7  17.7  1  18.9  1  7  8  17.7  18.9 
 7  7  18 -9.7  .06 -24.8 -24.2  0 -24.2  7  9  16 -24.2 -24.8 
 5  5  19 -.9  .07 -4.8 -4.7  0 -4.7  6  1  7 -4.7 -4.8 
 46  26  20  22.6  .4  7.2  12.4  0  12.4  20  1  21  12.4  7.2 
 27  17  21  9.4  .95 -6.3  8.5  0  8.5  5  3  8  8.5 -1.07 
 6  6  22 -4.7  .91 -18.1 -6.8  1 -4.7  2  7  9 -6.8 -4.7 
 48  28  23  17.2  .09  5  5.9  0  5.9  28  10  38  5.9  6.22 
 50  30  24  12.8  .04  4.7  4.9  0  4.9  8  8  16  4.9  4.7 
 47  27  25  23.4  .93  7.6  22.1  0  22.1  2  1  3  22.1  7.6 
 8  8  26 -5.7  .96 -20.6 -6.4  0 -6.4  5  2  7 -6.4 -13.15 
 28  18  27  3.3  .91 -3.5  2.7  0  2.7  2  5  7  2.7  1.94 
 44  24  28  20.7  .9  9.1  19.8  0  19.8  2  1  3  19.8  9.1 
 21  11  29  1.8  .6 -4.1  1.7  0  1.7  3  1  4  1.7 -4.1 
 4  4  30 -1.4  .02 -9.1 -9  0 -9  2  2  4 -9 -9.1 
