 56  26  1  15.3  .06  5.9  7.1  0  7.1  41  30  71  7.1  6.84 
 19  9  2 -8.6  .1 -26.5 -26.3  1 -26.5  26  18  44 -26.3 -25.51 
 55  25  3  6.4  .09  .5  1.5  1  .5  10  9  19  1.5  1.81 
 36  16  4  2.9  .98 -9.4  2.9  0  2.9  20  43  63  2.9  2.61 
 51  21  5  19.1  .03  4.8  5.2  1  4.8  30  35  65  5.2  5.21 
 11  1  6 -5.8  .97 -16.4 -6.6  0 -6.6  8  11  19 -6.6 -6.76 
 18  8  7 -1.4  .93 -4.7 -1.7  0 -1.7  13  17  30 -1.7 -1.98 
 34  14  8  2.5  .96 -2  2.3  0  2.3  4  38  42  2.3  2.38 
 54  24  9  22.6  .3  9.2  11  1  9.2  1  8  9  11  14.23 
 16  6  10 -9.5  .1 -24.5 -23.5  1 -24.5  2  7  9 -23.5 -20.21 
 12  2  11 -7.2  .05 -16.1 -15.6  0 -15.6  29  24  53 -15.6 -15.36 
 53  23  12  6.8  .9  3  6.7  0  6.7  17  25  42  6.7  6.65 
 15  5  13 -3.3  .97 -10.5 -3.2  0 -3.2  28  41  69 -3.2 -3.48 
 33  13  14  7.7  .02 -3.1 -3  1 -3.1  6  17  23 -3 -1.83 
 20  10  15 -6.9  .06 -20.5 -20.3  1 -20.5  6  31  37 -20.3 -19.62 
 14  4  16 -6.4  .2 -22.4 -18  0 -18  3  8  11 -18 -20.4 
 38  18  17  7.8  .99 -9.3  7.6  1  7.8  9  41  50  7.6  7.8 
 57  27  18  5.3  .9  1.5  4.7  1  5.3  7  17  24  4.7  5.08 
 37  17  19  2.9  .05 -6.5 -5.7  1 -6.5  3  16  19 -5.7 -4.74 
 32  12  20  9.9  .05 -8.7 -7.6  0 -7.6  2  21  23 -7.6 -7.81 
 35  15  21  9.2  .91 -.7  8.2  1  9.2  3  27  30  8.2  8.47 
 17  7  22 -2.2  .92 -11.5 -3.4  1 -2.2  6  37  43 -3.4 -2.45 
 31  11  23  .9  .2 -5 -5.3  1 -5  13  17  30 -5.3 -3.61 
 39  19  24  6.5  .8 -4.8  6.2  0  6.2  3  14  17  6.2  4.89 
 52  22  25  12.3  .91  1.3  12.1  0  12.1  2  18  20  12.1  11.08 
 13  3  26 -1.8  .93 -6.7 -2  0 -2  1  17  18 -2 -2.38 
 40  20  27  5  .9 -3.8  4.1  1  5  5  32  37  4.1  4.45 
 59  29  28  27.5  .7  9.2  21.9  1  27.5  5  9  14  21.9  23.43 
 60  30  29  4.4  .2  .7  1.1  1  .7  2  4  6  1.1  3.48 
 58  28  30  21.9  .5  8.1  12.6  1  8.1  5  11  16  12.6  13.12 
