 51  21  1  19.1  .03  4.8  5.2  0  5.2  5  3  8  5.2  4.8 
 38  18  2  7.8  .99 -9.3  7.6  1  7.8  1  8  9  7.6  7.8 
 55  25  3  6.4  .09  .5  1.5  0  1.5  7  4  11  1.5  .5 
 60  30  4  4.4  .2  .7  1.1  0  1.1  8  1  9  1.1  .7 
 39  19  5  6.5  .8 -4.8  6.2  1  6.5  1  6  7  6.2  6.5 
 18  8  6 -1.4  .93 -4.7 -1.7  0 -1.7  3  2  5 -1.7 -3.05 
 53  23  7  6.8  .9  3  6.7  0  6.7  1  3  4  6.7  5.53 
 33  13  8  7.7  .02 -3.1 -3  1 -3.1  9  4  13 -3 -3.1 
 36  16  9  2.9  .98 -9.4  2.9  1  2.9  3  5  8  2.9  2.9 
 56  26  10  15.3  .06  5.9  7.1  0  7.1  3  5  8  7.1  5.9 
 35  15  11  9.2  .91 -.7  8.2  1  9.2  3  9  12  8.2  8.1 
 12  2  12 -7.2  .05 -16.1 -15.6  1 -16.1  2  4  6 -15.6 -13.88 
 34  14  13  2.5  .96 -2  2.3  1  2.5  5  7  12  2.3  2.5 
 14  4  14 -6.4  .2 -22.4 -18  0 -18  3  7  10 -18 -20.11 
 15  5  15 -3.3  .97 -10.5 -3.2  0 -3.2  1  12  13 -3.2 -3.3 
 37  17  16  2.9  .05 -6.5 -5.7  0 -5.7  2  4  6 -5.7 -6.5 
 57  27  17  5.3  .9  1.5  4.7  0  4.7  2  5  7  4.7  4.54 
 31  11  18  .9  .2 -5 -5.3  1 -5  4  3  7 -5.3 -3.03 
 20  10  19 -6.9  .06 -20.5 -20.3  0 -20.3  4  4  8 -20.3 -20.5 
 32  12  20  9.9  .05 -8.7 -7.6  0 -7.6  10  3  13 -7.6 -8.7 
 13  3  21 -1.8  .93 -6.7 -2  0 -2  2  3  5 -2 -3.43 
 19  9  22 -8.6  .1 -26.5 -26.3  0 -26.3  2  8  10 -26.3 -26.5 
 11  1  23 -5.8  .97 -16.4 -6.6  1 -5.8  4  3  7 -6.6 -5.8 
 40  20  24  5  .9 -3.8  4.1  0  4.1  4  4  8  4.1  2.8 
 58  28  25  21.9  .5  8.1  12.6  1  8.1  5  3  8  12.6  17.3 
 54  24  26  22.6  .3  9.2  11  0  11  6  1  7  11  9.2 
 52  22  27  12.3  .91  1.3  12.1  1  12.3  1  9  10  12.1  12.3 
 17  7  28 -2.2  .92 -11.5 -3.4  1 -2.2  6  5  11 -3.4 -2.2 
 16  6  29 -9.5  .1 -24.5 -23.5  1 -24.5  1  4  5 -23.5 -20.75 
 59  29  30  27.5  .7  9.2  21.9  0  21.9  2  2  4  21.9  27.5 
