 23  13  1  5.5  .06 -3.4 -2.6  1 -3.4  6  7  13 -2.6 -2.13 
 24  14  2  1  .93 -7.1  .6  1  1  6  5  11  .6  1 
 27  17  3  9.4  .95 -6.3  8.5  0  8.5  8  8  16  8.5  7.44 
 41  21  4  20.1  .95  6.5  19.6  0  19.6  11  10  21  19.6  18.74 
 46  26  5  22.6  .4  7.2  12.4  0  12.4  9  12  21  12.4  11.05 
 28  18  6  3.3  .91 -3.5  2.7  0  2.7  10  10  20  2.7  1.94 
 7  7  7 -9.7  .06 -24.8 -24.2  0 -24.2  11  14  25 -24.2 -24.8 
 5  5  8 -.9  .07 -4.8 -4.7  1 -4.8  10  10  20 -4.7 -4.41 
 8  8  9 -5.7  .96 -20.6 -6.4  1 -5.7  10  10  20 -6.4 -5.7 
 49  29  10  18.9  .9  6.7  17.7  0  17.7  10  10  20  17.7  17.68 
 45  25  11  8.4  .07  1.2  1.6  1  1.2  10  10  20  1.6  2.64 
 44  24  12  20.7  .9  9.1  19.8  0  19.8  10  10  20  19.8  17.22 
 2  2  13 -2.2  .09 -9.6 -8.7  0 -8.7  10  10  20 -8.7 -8.86 
 9  9  14 -5.6  .1 -19.4 -18.1  0 -18.1  10  10  20 -18.1 -19.4 
 10  10  15 -2.5  .6 -5.5 -3.6  0 -3.6  7  10  17 -3.6 -4 
 25  15  16  3  .2 -1.3 -.1  0 -.1  10  10  20 -.1 -.01 
 50  30  17  12.8  .04  4.7  4.9  0  4.9  10  10  20  4.9  4.7 
 29  19  18  5  .4 -6.9 -3.8  1 -6.9  10  10  20 -3.8  1.43 
 21  11  19  1.8  .6 -4.1  1.7  0  1.7  10  10  20  1.7  .62 
 30  20  20  2.1  .06 -9.4 -8.4  1 -9.4  10  9  19 -8.4 -8.12 
 6  6  21 -4.7  .91 -18.1 -6.8  1 -4.7  10  10  20 -6.8 -4.7 
 26  16  22  8.9  .1 -1.4 -.9  0 -.9  10  10  20 -.9 -.37 
 48  28  23  17.2  .09  5  5.9  1  5  6  5  11  5.9  9.88 
 4  4  24 -1.4  .02 -9.1 -9  0 -9  8  11  19 -9 -9.1 
 3  3  25 -2  .1 -11.2 -9.5  0 -9.5  6  5  11 -9.5 -11.2 
 42  22  26  5.2  .5  1.4  5.1  0  5.1  6  5  11  5.1  3.68 
 43  23  27  12  .5  2.4  9  0  9  7  5  12  9  8.16 
 22  12  28  9  .97 -6.7  9.1  0  9.1  10  8  18  9.1  9 
 1  1  29 -8.7  .06 -22.8 -21.4  1 -8.7  8  10  18 -21.4 -21.39 
 47  27  30  23.4  .93  7.6  22.1  1  23.4  10  10  20  22.1  23.4 
