 10  10  1 -2.5  .6 -5.5 -3.6  1 -2.5  16  25  41 -3.6 -3.82 
 23  13  2  5.5  .06 -3.4 -2.6  0 -2.6  11  17  28 -2.6 -2.88 
 47  27  3  23.4  .93  7.6  22.1  0  22.1  13  27  40  22.1  22.81 
 8  8  4 -5.7  .96 -20.6 -6.4  0 -6.4  11  11  22 -6.4 -7.05 
 45  25  5  8.4  .07  1.2  1.6  1  1.2  8  9  17  1.6  2 
 42  22  6  5.2  .5  1.4  5.1  0  5.1  6  6  12  5.1  4.57 
 6  6  7 -4.7  .91 -18.1 -6.8  0 -6.8  18  25  43 -6.8 -5.77 
 4  4  8 -1.4  .02 -9.1 -9  0 -9  9  38  47 -9 -8.9 
 7  7  9 -9.7  .06 -24.8 -24.2  0 -24.2  7  11  18 -24.2 -23.43 
 43  23  10  12  .5  2.4  9  0  9  6  16  22  9  6.6 
 22  12  11  9  .97 -6.7  9.1  0  9.1  8  17  25  9.1  8.08 
 3  3  12 -2  .1 -11.2 -9.5  0 -9.5  8  31  39 -9.5 -10.31 
 48  28  13  17.2  .09  5  5.9  1  5  6  10  16  5.9  6.22 
 5  5  14 -.9  .07 -4.8 -4.7  1 -4.8  6  5  11 -4.7 -4.02 
 2  2  15 -2.2  .09 -9.6 -8.7  1 -9.6  7  27  34 -8.7 -8.23 
 21  11  16  1.8  .6 -4.1  1.7  0  1.7  3  7  10  1.7 -.73 
 30  20  17  2.1  .06 -9.4 -8.4  1 -9.4  11  25  36 -8.4 -8.02 
 27  17  18  9.4  .95 -6.3  8.5  1  9.4  23  20  43  8.5  9.4 
 9  9  19 -5.6  .1 -19.4 -18.1  0 -18.1  4  18  22 -18.1 -18.63 
 29  19  20  5  .4 -6.9 -3.8  1 -6.9  5  20  25 -3.8 -2.73 
 1  1  21 -8.7  .06 -22.8 -21.4  1 -22.8  7  13  20 -21.4 -21.72 
 28  18  22  3.3  .91 -3.5  2.7  0  2.7  4  5  9  2.7  1.94 
 26  16  23  8.9  .1 -1.4 -.9  1 -1.4  3  13  16 -.9 -.61 
 24  14  24  1  .93 -7.1  .6  0  .6  3  14  17  .6 -.16 
 25  15  25  3  .2 -1.3 -.1  0 -.1  5  19  24 -.1 -1.3 
 50  30  26  12.8  .04  4.7  4.9  1  4.7  5  19  24  4.9  5.13 
 46  26  27  22.6  .4  7.2  12.4  1  22.6  6  13  19  12.4  10.75 
 49  29  28  18.9  .9  6.7  17.7  0  17.7  5  12  17  17.7  17.88 
 41  21  29  20.1  .95  6.5  19.6  0  19.6  4  8  12  19.6  18.4 
 44  24  30  20.7  .9  9.1  19.8  0  19.8  4  9  13  19.8  19.41 
